9.865425229072570801e-01
-1.598747968673706055e-01
-3.426276147365570068e-02
1.633367389440536499e-01
9.731510877609252930e-01
1.621667742729187012e-01
7.416456937789916992e-03
-1.655807942152023315e-01
9.861683249473571777e-01
4.162786062806844711e-03
-4.155226051807403564e-04
-1.502066198736429214e-02
9.302698373794555664e-01
-3.355587422847747803e-01
-1.483183205127716064e-01
3.603000640869140625e-01
9.118089079856872559e-01
1.969473212957382202e-01
6.915055215358734131e-02
-2.366533130407333374e-01
9.691302180290222168e-01
-5.117136053740978241e-03
1.022747438400983810e-02
-6.976370234042406082e-03
9.663304686546325684e-01
2.222306430339813232e-01
1.296876221895217896e-01
-9.952967613935470581e-02
7.876312136650085449e-01
-6.080550551414489746e-01
-2.372744977474212646e-01
5.746743679046630859e-01
7.832306623458862305e-01
7.527153939008712769e-04
7.878084667026996613e-03
5.598705727607011795e-03
9.919170141220092773e-01
-8.484635502099990845e-03
1.266044974327087402e-01
4.232174903154373169e-02
9.627500772476196289e-01
-2.670603990554809570e-01
-1.196225881576538086e-01
2.702598869800567627e-01
9.553272128105163574e-01
-4.384844563901424408e-03
4.601008724421262741e-03
2.474305219948291779e-03
9.888323545455932617e-01
-1.475169807672500610e-01
-2.119863778352737427e-02
1.462788879871368408e-01
9.879105091094970703e-01
-5.133575946092605591e-02
2.851526252925395966e-02
4.766155034303665161e-02
9.984564781188964844e-01
-2.685069106519222260e-03
3.629550337791442871e-03
-1.108651049435138702e-03
9.910923242568969727e-01
-9.303465485572814941e-02
9.529231488704681396e-02
4.156467691063880920e-02
8.958760499954223633e-01
4.423554837703704834e-01
-1.265245079994201660e-01
-4.344543218612670898e-01
8.917627930641174316e-01
-1.578399725258350372e-02
3.869779873639345169e-03
2.425356535241007805e-03
8.369928598403930664e-01
-5.705168843269348145e-02
5.442317724227905273e-01
1.667633354663848877e-01
9.738355278968811035e-01
-1.543841809034347534e-01
-5.211843848228454590e-01
2.199763357639312744e-01
8.246073722839355469e-01
-4.151630215346813202e-03
-1.624684035778045654e-02
9.432450868189334869e-03
9.383379220962524414e-01
1.567871868610382080e-02
-3.453636765480041504e-01
8.204575628042221069e-02
9.603333473205566406e-01
2.665116488933563232e-01
3.358428180217742920e-01
-2.784136235713958740e-01
8.998308777809143066e-01
-2.787599107250571251e-03
3.561133285984396935e-03
-8.475378155708312988e-03
9.758387207984924316e-01
-2.142186611890792847e-01
-4.300132766366004944e-02
2.161485701799392700e-01
9.752389192581176758e-01
4.678460955619812012e-02
3.191444277763366699e-02
-5.494890734553337097e-02
9.979789853096008301e-01
4.532150924205780029e-03
2.556564984843134880e-03
-1.228323020040988922e-02
9.077920913696289062e-01
1.154083088040351868e-01
4.032299518585205078e-01
1.858739554882049561e-02
9.493836164474487305e-01
-3.135686218738555908e-01
-4.190083146095275879e-01
2.921501100063323975e-01
8.596978187561035156e-01
-7.631065323948860168e-03
-9.016353636980056763e-03
4.746084101498126984e-03
9.788107275962829590e-01
-1.498221457004547119e-01
-1.395808160305023193e-01
1.630206555128097534e-01
9.826515913009643555e-01
8.843174576759338379e-02
1.239102482795715332e-01
-1.093125045299530029e-01
9.862540364265441895e-01
-4.630912095308303833e-03
2.442088443785905838e-04
-1.183072803542017937e-03
9.420138001441955566e-01
9.161786735057830811e-02
3.228252530097961426e-01
9.641828387975692749e-02
8.475485444068908691e-01
-5.218859910964965820e-01
-3.214241564273834229e-01
5.227501392364501953e-01
7.895689010620117188e-01
-5.649507511407136917e-03
-5.444821435958147049e-04
3.736154176294803619e-03
9.059097766876220703e-01
1.309031099081039429e-01
4.027304649353027344e-01
-6.818421930074691772e-02
9.837036728858947754e-01
-1.663672327995300293e-01
-4.179453253746032715e-01
1.232538595795631409e-01
9.000722765922546387e-01
-3.566806204617023468e-03
-1.716108992695808411e-02
7.987026125192642212e-03
9.769201874732971191e-01
-4.403825476765632629e-02
-2.090158164501190186e-01
7.824609428644180298e-02
9.842805266380310059e-01
1.583333015441894531e-01
1.987574100494384766e-01
-1.710336506366729736e-01
9.650093317031860352e-01
-5.841764155775308609e-03
9.419797919690608978e-03
-6.058521568775177002e-03
9.598760604858398438e-01
-1.720076501369476318e-01
-2.214753925800323486e-01
1.330714970827102661e-01
9.745911359786987305e-01
-1.801779866218566895e-01
2.468399256467819214e-01
1.434765011072158813e-01
9.583759307861328125e-01
-3.225174732506275177e-04
4.352650605142116547e-03
2.118881326168775558e-03
9.517844319343566895e-01
-9.082607924938201904e-02
-2.930137813091278076e-01
1.744479089975357056e-01
9.459387063980102539e-01
2.734374701976776123e-01
2.523378729820251465e-01
-3.113690912723541260e-01
9.161741137504577637e-01
-6.677225232124328613e-03
8.065476082265377045e-03
4.999835975468158722e-03
9.510511755943298340e-01
2.397626936435699463e-01
1.949757337570190430e-01
-1.343468576669692993e-01
8.889581561088562012e-01
-4.378405511379241943e-01
-2.783030867576599121e-01
3.902143836021423340e-01
8.776561021804809570e-01
-9.327947162091732025e-03
8.163418620824813843e-03
7.187649607658386230e-03
9.758673310279846191e-01
-1.836290061473846436e-01
-1.181666329503059387e-01
1.890196204185485840e-01
9.813110828399658203e-01
3.605845943093299866e-02
1.093368455767631531e-01
-5.752409249544143677e-02
9.923388957977294922e-01
6.226670229807496071e-04
2.528596669435501099e-04
-1.062245387583971024e-02
9.567386507987976074e-01
-2.126084119081497192e-01
-1.986172497272491455e-01
2.192652225494384766e-01
9.755929708480834961e-01
1.188339293003082275e-02
1.912430822849273682e-01
-5.491913855075836182e-02
9.800051450729370117e-01
-7.838597521185874939e-03
8.426610380411148071e-03
-9.362338110804557800e-03
9.916515350341796875e-01
1.988649927079677582e-02
-1.274033933877944946e-01
-1.363230869174003601e-03
9.895976185798645020e-01
1.438564360141754150e-01
1.289388835430145264e-01
-1.424817740917205811e-01
9.813631772994995117e-01
-6.322982953861355782e-04
4.621864762157201767e-03
-5.538245663046836853e-03
9.839245080947875977e-01
-1.723435074090957642e-01
4.680180549621582031e-02
1.634762436151504517e-01
9.746981859207153320e-01
1.524436473846435547e-01
-7.189027965068817139e-02
-1.423420310020446777e-01
9.872034192085266113e-01
-8.011720143258571625e-03
5.583263002336025238e-03
-9.065447375178337097e-04
9.963033795356750488e-01
4.403619468212127686e-02
-7.375952601432800293e-02
-5.155139043927192688e-02
9.933137893676757812e-01
-1.032960489392280579e-01
6.871759891510009766e-02
1.067166253924369812e-01
9.919120669364929199e-01
-4.540017340332269669e-03
7.401986513286828995e-03
1.612605992704629898e-03
9.857499003410339355e-01
-1.273909062147140503e-01
-1.098570525646209717e-01
1.525612026453018188e-01
9.521560072898864746e-01
2.648093998432159424e-01
7.086677849292755127e-02
-2.777957320213317871e-01
9.580225944519042969e-01
4.997636191546916962e-03
-4.232279025018215179e-03
-2.209990844130516052e-02
9.770697951316833496e-01
-1.026245057582855225e-01
-1.865557730197906494e-01
1.126378029584884644e-01
9.926674962043762207e-01
4.386357590556144714e-02
1.806863546371459961e-01
-6.387096643447875977e-02
9.814647436141967773e-01
-6.776467896997928619e-03
3.252841532230377197e-03
-5.677116103470325470e-03
9.890806674957275391e-01
1.037854775786399841e-01
1.046327427029609680e-01
-1.244126036763191223e-01
9.685876369476318359e-01
2.153126746416091919e-01
-7.899963110685348511e-02
-2.259792387485504150e-01
9.709234237670898438e-01
-4.830705933272838593e-03
4.539266228675842285e-03
-4.051542840898036957e-03
