9.929635524749755859e-01
-1.057203114032745361e-01
-5.335390567779541016e-02
1.115486696362495422e-01
9.862763285636901855e-01
1.217211931943893433e-01
3.975330293178558350e-02
-1.268162727355957031e-01
9.911292791366577148e-01
-6.955966819077730179e-05
-2.050411887466907501e-03
-1.156565360724925995e-02
9.921084642410278320e-01
-3.463235497474670410e-02
-1.205048412084579468e-01
5.626126378774642944e-02
9.818703532218933105e-01
1.810117661952972412e-01
1.120512485504150391e-01
-1.863631010055541992e-01
9.760703444480895996e-01
-3.859948366880416870e-03
1.096610166132450104e-02
-8.072355762124061584e-03
9.989897608757019043e-01
-3.998874127864837646e-02
2.050545439124107361e-02
4.300324618816375732e-02
7.181289792060852051e-01
-6.945801973342895508e-01
1.304979622364044189e-02
6.947602033615112305e-01
7.191231250762939453e-01
6.550277583301067352e-03
5.384423770010471344e-03
6.983972620218992233e-03
9.985387921333312988e-01
-4.955202713608741760e-02
2.156464755535125732e-02
5.334844812750816345e-02
9.675422906875610352e-01
-2.470139563083648682e-01
-8.624687790870666504e-03
2.478034794330596924e-01
9.687719941139221191e-01
-2.823565620929002762e-03
6.882427260279655457e-03
-3.689317964017391205e-04
9.926366209983825684e-01
-1.207211241126060486e-01
-9.940606541931629181e-03
1.205539852380752563e-01
9.925781488418579102e-01
-1.597861200571060181e-02
1.179577969014644623e-02
1.466257497668266296e-02
9.998229742050170898e-01
-1.641767914406955242e-03
6.190892308950424194e-03
-7.824146305210888386e-04
9.806741476058959961e-01
-1.921277046203613281e-01
3.694786131381988525e-02
1.841039955615997314e-01
9.701150059700012207e-01
1.580585539340972900e-01
-6.621108949184417725e-02
-1.482016891241073608e-01
9.867382049560546875e-01
-8.170723915100097656e-03
1.126296352595090866e-02
-8.333335630595684052e-03
9.293398261070251465e-01
-2.734837234020233154e-01
2.480606883764266968e-01
3.055004477500915527e-01
9.468591809272766113e-01
-1.006333604454994202e-01
-2.073569893836975098e-01
1.693052351474761963e-01
9.635034203529357910e-01
6.410386413335800171e-04
-1.438924577087163925e-02
8.318537846207618713e-03
9.515069723129272461e-01
5.978389829397201538e-02
-3.017621040344238281e-01
4.490117728710174561e-02
9.434390664100646973e-01
3.284914791584014893e-01
3.043326735496520996e-01
-3.261114060878753662e-01
8.950045704841613770e-01
-1.365735474973917007e-02
7.322663441300392151e-03
3.314708825200796127e-03
9.990374445915222168e-01
-3.787481039762496948e-02
-2.212636172771453857e-02
4.063550010323524475e-02
9.890747666358947754e-01
1.417031586170196533e-01
1.651764474809169769e-02
-1.424658745527267456e-01
9.896618723869323730e-01
-4.809292731806635857e-04
5.947873927652835846e-03
-9.367953985929489136e-03
9.769148826599121094e-01
1.288463324308395386e-01
1.703993529081344604e-01
-9.173996746540069580e-02
9.733753204345703125e-01
-2.100576162338256836e-01
-1.929276734590530396e-01
1.895759552717208862e-01
9.627252221107482910e-01
-2.535769715905189514e-03
-1.334214396774768829e-02
6.077542901039123535e-03
9.974641799926757812e-01
5.160255730152130127e-02
-4.901230335235595703e-02
-3.830115869641304016e-02
9.696622490882873535e-01
2.414293289184570312e-01
5.998374521732330322e-02
-2.389398962259292603e-01
9.691798686981201172e-01
-2.709101419895887375e-03
6.239795126020908356e-03
5.484048277139663696e-03
9.920663237571716309e-01
-7.241451740264892578e-02
1.027650162577629089e-01
1.207913756370544434e-01
7.756124734878540039e-01
-6.195439696311950684e-01
-3.484183922410011292e-02
6.270418763160705566e-01
7.782061100006103516e-01
-1.721066888421773911e-03
4.728351719677448273e-03
2.331911353394389153e-03
9.881846308708190918e-01
6.510730087757110596e-02
1.387528330087661743e-01
-4.459760710597038269e-02
9.882633090019226074e-01
-1.461052745580673218e-01
-1.466368287801742554e-01
1.381909251213073730e-01
9.794901609420776367e-01
-1.181009225547313690e-03
-1.843415014445781708e-02
1.047010812908411026e-02
9.943177103996276855e-01
-5.789842456579208374e-02
-8.933133631944656372e-02
7.948600500822067261e-02
9.619979858398437500e-01
2.612316012382507324e-01
7.081167399883270264e-02
-2.668477594852447510e-01
9.611336588859558105e-01
-4.703809972852468491e-03
1.086257584393024445e-02
-1.325919525697827339e-03
9.755573272705078125e-01
-2.189703285694122314e-01
1.843651384115219116e-02
2.120270878076553345e-01
9.159340858459472656e-01
-3.407480716705322266e-01
5.772709473967552185e-02
3.363283276557922363e-01
9.399738311767578125e-01
-1.444727182388305664e-03
7.478322833776473999e-03
-1.693720812909305096e-03
9.735482931137084961e-01
-1.144486963748931885e-01
-1.977504491806030273e-01
1.560579836368560791e-01
9.652413129806518555e-01
2.096549570560455322e-01
1.668821424245834351e-01
-2.349697202444076538e-01
9.575696587562561035e-01
-6.015942431986331940e-03
9.443970397114753723e-03
-4.943791776895523071e-03
9.971700906753540039e-01
1.537673920392990112e-02
7.358900457620620728e-02
2.953155525028705597e-02
8.200547099113464355e-01
-5.715227723121643066e-01
-6.913519650697708130e-02
5.720785260200500488e-01
8.172799944877624512e-01
-2.350516617298126221e-03
9.317081421613693237e-03
1.277616014704108238e-03
9.938828945159912109e-01
1.732594519853591919e-02
-1.090715602040290833e-01
-2.220784313976764679e-03
9.905529022216796875e-01
1.371126174926757812e-01
1.104167476296424866e-01
-1.360316872596740723e-01
9.845321774482727051e-01
-2.972810529172420502e-03
-2.083928324282169342e-03
-9.560514241456985474e-03
9.967034459114074707e-01
-1.752098649740219116e-02
-7.921559363603591919e-02
3.629270941019058228e-02
9.695486426353454590e-01
2.421947121620178223e-01
7.255987077951431274e-02
-2.442712485790252686e-01
9.669883847236633301e-01
-5.123439244925975800e-03
9.301396086812019348e-03
-1.707062497735023499e-02
9.968758821487426758e-01
-6.442352384328842163e-02
-4.569543153047561646e-02
7.399182021617889404e-02
9.641313552856445312e-01
2.549035549163818359e-01
2.763460949063301086e-02
-2.574883103370666504e-01
9.658862352371215820e-01
-1.997403800487518311e-03
8.735159412026405334e-03
-4.148438572883605957e-03
9.840627908706665039e-01
-1.731309592723846436e-01
-4.057201743125915527e-02
1.769257932901382446e-01
9.761508703231811523e-01
1.258042156696319580e-01
1.782381534576416016e-02
-1.309774816036224365e-01
9.912251234054565430e-01
-2.662930171936750412e-03
3.557386109605431557e-03
-1.150320097804069519e-02
9.980241656303405762e-01
-5.314565449953079224e-02
3.351603448390960693e-02
5.899593979120254517e-02
9.761614203453063965e-01
-2.088740170001983643e-01
-2.161633968353271484e-02
2.104386836290359497e-01
9.773680567741394043e-01
6.789648439735174179e-03
7.012086920440196991e-03
2.335524186491966248e-04
9.865371584892272949e-01
-9.125459194183349609e-02
-1.357092261314392090e-01
1.028343364596366882e-01
9.914025664329528809e-01
8.090720325708389282e-02
1.271593421697616577e-01
-9.377353638410568237e-02
9.874395728111267090e-01
4.197494126856327057e-04
-9.487845934927463531e-03
-1.338185556232929230e-02
9.937412738800048828e-01
3.627799451351165771e-02
-1.056513339281082153e-01
-2.368422411382198334e-02
9.927187561988830566e-01
1.181041598320007324e-01
1.091666519641876221e-01
-1.148627027869224548e-01
9.873647689819335938e-01
-5.240219645202159882e-03
1.154857920482754707e-03
-2.186891157180070877e-03
9.996504187583923340e-01
1.381117291748523712e-02
2.254488132894039154e-02
-1.613683253526687622e-02
9.941850900650024414e-01
1.064688563346862793e-01
-2.094331383705139160e-02
-1.067954003810882568e-01
9.940603375434875488e-01
5.587330088019371033e-03
7.020816206932067871e-03
-7.266886997967958450e-03
