9.931164979934692383e-01
-1.154232472181320190e-01
1.992522180080413818e-02
1.120986789464950562e-01
9.859244227409362793e-01
1.240439638495445251e-01
-3.396230936050415039e-02
-1.209565550088882446e-01
9.920766949653625488e-01
4.789741244167089462e-03
-2.053628675639629364e-03
-8.811431005597114563e-03
9.841974973678588867e-01
-1.616668105125427246e-01
-7.224352657794952393e-02
1.709731519222259521e-01
9.737735390663146973e-01
1.501103788614273071e-01
4.608096182346343994e-02
-1.600899994373321533e-01
9.860262274742126465e-01
-4.422980360686779022e-03
4.615417215973138809e-03
-4.655139520764350891e-03
9.856382608413696289e-01
1.487743556499481201e-01
-7.989617437124252319e-02
-1.668978631496429443e-01
7.861001491546630859e-01
-5.951400995254516602e-01
-2.573521435260772705e-02
5.999274253845214844e-01
7.996405363082885742e-01
4.083958920091390610e-03
1.322463247925043106e-02
6.691776216030120850e-03
9.897384047508239746e-01
4.492373764514923096e-02
1.356455683708190918e-01
-1.952516846358776093e-02
9.829081296920776367e-01
-1.830584108829498291e-01
-1.415508091449737549e-01
1.785314232110977173e-01
9.736990928649902344e-01
-3.366429009474813938e-04
4.049428738653659821e-03
2.666217042133212090e-03
9.975473880767822266e-01
-6.018701940774917603e-02
3.573021292686462402e-02
5.966630950570106506e-02
9.980985522270202637e-01
1.546600461006164551e-02
-3.659311681985855103e-02
-1.329617202281951904e-02
9.992417097091674805e-01
5.443918635137379169e-04
5.915379151701927185e-04
1.662362774368375540e-05
9.898465275764465332e-01
-1.116918176412582397e-01
8.791320770978927612e-02
6.844102591276168823e-02
9.165961146354675293e-01
3.939129412174224854e-01
-1.245777308940887451e-01
-3.838964998722076416e-01
9.149338603019714355e-01
-1.030181627720594406e-02
9.791057556867599487e-03
-3.415841609239578247e-03
9.641636610031127930e-01
-1.665858477354049683e-01
2.064891904592514038e-01
1.864629089832305908e-01
9.791395068168640137e-01
-8.073048293590545654e-02
-1.887331455945968628e-01
1.163399666547775269e-01
9.751126766204833984e-01
-3.193966113030910492e-04
-1.427433826029300690e-02
7.343558594584465027e-03
9.697932600975036621e-01
-2.643481642007827759e-02
-2.424917966127395630e-01
8.943712711334228516e-02
9.634127616882324219e-01
2.526596486568450928e-01
2.269406616687774658e-01
-2.667153775691986084e-01
9.366754293441772461e-01
-2.787457779049873352e-03
9.233454242348670959e-03
-1.042623259127140045e-02
9.999434947967529297e-01
-8.545272052288055420e-03
-6.320964545011520386e-03
8.900021202862262726e-03
9.982531666755676270e-01
5.840678513050079346e-02
5.810817703604698181e-03
-5.845974758267402649e-02
9.982728362083435059e-01
3.719477914273738861e-03
6.052370299585163593e-04
-4.679883364588022232e-03
9.820801615715026855e-01
1.118866801261901855e-01
1.516570448875427246e-01
-7.381407171487808228e-02
9.687687158584594727e-01
-2.367248088121414185e-01
-1.734069436788558960e-01
2.212883234024047852e-01
9.596674442291259766e-01
-3.858272219076752663e-03
-6.762341130524873734e-03
9.277530014514923096e-03
9.845718741416931152e-01
-1.737545579671859741e-01
-2.067613601684570312e-02
1.743525117635726929e-01
9.841672778129577637e-01
3.187387436628341675e-02
1.481053233146667480e-02
-3.498705103993415833e-02
9.992780089378356934e-01
-6.290251854807138443e-03
3.853051457554101944e-04
4.386927932500839233e-03
9.961845874786376953e-01
7.997873425483703613e-02
3.492355346679687500e-02
-5.089959874749183655e-02
8.575223088264465332e-01
-5.119226574897766113e-01
-7.089063525199890137e-02
5.081919431686401367e-01
8.583213686943054199e-01
1.078148372471332550e-03
2.326966729015111923e-03
3.046937286853790283e-03
9.837406873703002930e-01
1.458663940429687500e-01
1.047728359699249268e-01
-1.394551843404769897e-01
9.880164861679077148e-01
-6.614953279495239258e-02
-1.131662577390670776e-01
5.046287924051284790e-02
9.922937154769897461e-01
1.224573934450745583e-03
-1.318142563104629517e-02
1.427771151065826416e-02
9.955831170082092285e-01
-4.456313699483871460e-02
-8.263368159532546997e-02
5.970718711614608765e-02
9.797759056091308594e-01
1.909825354814529419e-01
7.245171070098876953e-02
-1.950727999210357666e-01
9.781090617179870605e-01
-4.732433706521987915e-03
8.511293679475784302e-03
-3.694598097354173660e-03
9.971352219581604004e-01
9.128924459218978882e-03
-7.508617639541625977e-02
-2.148528955876827240e-02
9.859846830368041992e-01
-1.654466241598129272e-01
7.252347469329833984e-02
1.665859073400497437e-01
9.833561778068542480e-01
1.511173089966177940e-03
4.283707123249769211e-03
-1.323174801655113697e-03
9.609979391098022461e-01
-1.396112740039825439e-01
-2.387292683124542236e-01
1.898484975099563599e-01
9.607274532318115234e-01
2.023868560791015625e-01
2.010982930660247803e-01
-2.398156970739364624e-01
9.497620463371276855e-01
-4.642865620553493500e-03
8.887074887752532959e-03
3.412090707570314407e-03
9.887722134590148926e-01
1.031319126486778259e-01
1.081359684467315674e-01
-3.498266637325286865e-02
8.633003830909729004e-01
-5.034766197204589844e-01
-1.452783346176147461e-01
4.940407574176788330e-01
8.572152256965637207e-01
-5.412444472312927246e-03
1.116125937551259995e-02
6.468186620622873306e-03
9.929882287979125977e-01
-5.668412894010543823e-02
-1.037367358803749084e-01
6.003428995609283447e-02
9.977614879608154297e-01
2.946036309003829956e-02
1.018345654010772705e-01
-3.548154607415199280e-02
9.941684007644653320e-01
-3.207081463187932968e-03
2.058688085526227951e-03
-7.067723199725151062e-03
9.946641325950622559e-01
-1.009665727615356445e-01
-2.119008451700210571e-02
1.023929864168167114e-01
9.912607669830322266e-01
8.317301422357559204e-02
1.260719820857048035e-02
-8.489891141653060913e-02
9.963098168373107910e-01
-6.727620027959346771e-03
5.044974852353334427e-03
-7.250434719026088715e-03
9.989432692527770996e-01
2.962031029164791107e-02
-3.514244779944419861e-02
-2.510910481214523315e-02
9.921498894691467285e-01
1.225075870752334595e-01
3.849526494741439819e-02
-1.214957237243652344e-01
9.918451905250549316e-01
7.102565723471343517e-04
2.680256497114896774e-03
-3.931503742933273315e-03
9.872018098831176758e-01
-1.553576886653900146e-01
3.600815683603286743e-02
1.464632600545883179e-01
9.725688099861145020e-01
1.807165294885635376e-01
-6.309609115123748779e-02
-1.731298118829727173e-01
9.828758239746093750e-01
-3.844029270112514496e-03
6.757901050150394440e-03
-5.691854283213615417e-03
9.969915747642517090e-01
-2.022682875394821167e-02
7.482464611530303955e-02
2.500053122639656067e-02
9.976736307144165039e-01
-6.342221796512603760e-02
-7.336774468421936035e-02
6.510208547115325928e-02
9.951778650283813477e-01
-3.868701402097940445e-03
3.691020887345075607e-03
1.475316006690263748e-03
9.870970845222473145e-01
-1.571390181779861450e-01
-3.076674044132232666e-02
1.600416004657745361e-01
9.743269681930541992e-01
1.583464741706848145e-01
5.094449967145919800e-03
-1.612273454666137695e-01
9.869040846824645996e-01
4.140890203416347504e-03
-5.264988634735345840e-03
-1.280721183866262436e-02
9.927088022232055664e-01
1.590004935860633850e-02
-1.194839477539062500e-01
-8.454613387584686279e-03
9.980052113533020020e-01
6.256375461816787720e-02
1.202403753995895386e-01
-6.109739467501640320e-02
9.908629655838012695e-01
-7.733588572591543198e-03
1.942711533047258854e-03
-6.689899601042270660e-05
9.880568981170654297e-01
1.308397501707077026e-01
8.139164745807647705e-02
-1.443289667367935181e-01
9.708351492881774902e-01
1.914373040199279785e-01
-5.397024750709533691e-02
-2.008981108665466309e-01
9.781243205070495605e-01
-8.587188203819096088e-04
7.567434571683406830e-03
-6.150314584374427795e-03
