9.975411891937255859e-01
-6.994862109422683716e-02
-4.328444600105285645e-03
7.006399333477020264e-02
9.939578771591186523e-01
8.449173718690872192e-02
-1.607775688171386719e-03
-8.458726108074188232e-02
9.964147806167602539e-01
3.114327322691679001e-03
3.209456102922558784e-03
-1.079502981156110764e-02
9.632824063301086426e-01
-2.316345572471618652e-01
-1.357664614915847778e-01
2.505827546119689941e-01
9.572030305862426758e-01
1.448124945163726807e-01
9.641247987747192383e-02
-1.735160499811172485e-01
9.801003932952880859e-01
-3.662025555968284607e-03
8.620562031865119934e-03
-4.175405483692884445e-03
9.839423298835754395e-01
1.720752120018005371e-01
4.740911722183227539e-02
-1.224675625562667847e-01
8.441020846366882324e-01
-5.220091342926025391e-01
-1.298429667949676514e-01
5.078207850456237793e-01
8.516213297843933105e-01
4.578907042741775513e-03
5.376732908189296722e-03
6.182027515023946762e-03
9.951460957527160645e-01
4.154910147190093994e-02
8.920753002166748047e-02
-2.329093776643276215e-02
9.801852703094482422e-01
-1.967087984085083008e-01
-9.561298787593841553e-02
1.936762332916259766e-01
9.763952493667602539e-01
-4.334981553256511688e-03
6.271195597946643829e-03
1.146167865954339504e-03
9.954369664192199707e-01
-9.524375945329666138e-02
-5.823983810842037201e-03
9.489998221397399902e-02
9.945226311683654785e-01
-4.380408301949501038e-02
9.964128956198692322e-03
4.305151849985122681e-02
9.990231990814208984e-01
7.068098057061433792e-04
2.449293155223131180e-03
-1.463915454223752022e-03
9.899341464042663574e-01
-1.030848175287246704e-01
9.697338193655014038e-02
6.190074980258941650e-02
9.315363764762878418e-01
3.583410382270812988e-01
-1.272737383842468262e-01
-3.487313091754913330e-01
9.285407066345214844e-01
-1.320403162389993668e-02
7.088688667863607407e-03
-9.240487124770879745e-04
9.137265682220458984e-01
-2.977413833141326904e-01
2.765029370784759521e-01
3.594557940959930420e-01
9.095967411994934082e-01
-2.083874344825744629e-01
-1.894606202840805054e-01
2.897996604442596436e-01
9.381476044654846191e-01
3.625910962000489235e-03
-8.637686260044574738e-03
8.766247890889644623e-03
9.701229333877563477e-01
6.409765779972076416e-02
-2.339933514595031738e-01
-1.575099304318428040e-03
9.661125540733337402e-01
2.581163048744201660e-01
2.426085770130157471e-01
-2.500359714031219482e-01
9.373489618301391602e-01
-6.700221449136734009e-03
4.408296197652816772e-03
-5.586801096796989441e-03
9.984399676322937012e-01
-2.797504886984825134e-02
4.832210391759872437e-02
2.173730172216892242e-02
9.919056892395019531e-01
1.251024454832077026e-01
-5.143070220947265625e-02
-1.238568872213363647e-01
9.909663796424865723e-01
7.253867574036121368e-03
3.364773932844400406e-03
-1.230507902801036835e-02
9.807314276695251465e-01
1.113903298974037170e-01
1.604930907487869263e-01
-6.358034163713455200e-02
9.587861299514770508e-01
-2.769234478473663330e-01
-1.847251355648040771e-01
2.613833248615264893e-01
9.473940134048461914e-01
-8.983607403934001923e-04
-9.073180146515369415e-03
8.190071210265159607e-03
9.985721707344055176e-01
5.339543521404266357e-02
-1.544773578643798828e-03
-5.290790647268295288e-02
9.926130771636962891e-01
1.091786623001098633e-01
7.363021373748779297e-03
-1.089410334825515747e-01
9.940209388732910156e-01
-1.266836188733577728e-04
4.200899042189121246e-03
-3.743698354810476303e-03
9.849278330802917480e-01
-2.911151200532913208e-02
1.704980581998825073e-01
1.150503531098365784e-01
8.463106751441955566e-01
-5.201171040534973145e-01
-1.291529238224029541e-01
5.318937301635742188e-01
8.369042277336120605e-01
-8.305632509291172028e-04
1.085338299162685871e-03
2.406087005510926247e-03
9.962285161018371582e-01
-1.591030135750770569e-02
8.529679477214813232e-02
3.177341818809509277e-02
9.816563725471496582e-01
-1.879924386739730835e-01
-8.074110746383666992e-02
1.899935901165008545e-01
9.784596562385559082e-01
4.898166283965110779e-03
-1.445420086383819580e-02
1.107997540384531021e-02
9.962361454963684082e-01
-6.729880720376968384e-02
-5.462946742773056030e-02
6.948743760585784912e-02
9.968122839927673340e-01
3.920244425535202026e-02
5.181701481342315674e-02
-4.285094887018203735e-02
9.977368116378784180e-01
-1.819557626731693745e-03
4.495601169764995575e-03
-1.533683156594634056e-03
9.925284385681152344e-01
-8.782300353050231934e-02
-8.470250666141510010e-02
7.002222537994384766e-02
9.784927368164062500e-01
-1.940336376428604126e-01
9.992135316133499146e-02
1.866528391838073730e-01
9.773312807083129883e-01
6.045375484973192215e-04
3.523998195305466652e-03
2.149868058040738106e-03
9.733389616012573242e-01
-7.854488492012023926e-02
-2.155042290687561035e-01
1.260775923728942871e-01
9.680852890014648438e-01
2.165993899106979370e-01
1.916137635707855225e-01
-2.379948645830154419e-01
9.521778821945190430e-01
-3.359434194862842560e-03
7.312396541237831116e-03
2.197558525949716568e-03
9.813826680183410645e-01
1.318872720003128052e-01
1.396204829216003418e-01
-6.809043139219284058e-02
9.186484217643737793e-01
-3.891643285751342773e-01
-1.795879602432250977e-01
3.724122941493988037e-01
9.105258584022521973e-01
-3.661248367279767990e-03
5.840766243636608124e-03
4.332638811320066452e-03
9.970278739929199219e-01
-6.479765754193067551e-03
-7.676917314529418945e-02
1.446401886641979218e-02
9.944815635681152344e-01
1.039090603590011597e-01
7.567222416400909424e-02
-1.047106236219406128e-01
9.916195273399353027e-01
1.624728785827755928e-03
-3.736485727131366730e-03
-1.110337954014539719e-02
9.991508722305297852e-01
-2.932970225811004639e-02
-2.893620729446411133e-02
3.223974257707595825e-02
9.938598275184631348e-01
1.058454364538192749e-01
2.565410733222961426e-02
-1.066884472966194153e-01
9.939615130424499512e-01
-3.899553790688514709e-03
7.692095823585987091e-03
-1.393679715692996979e-02
9.990979433059692383e-01
-1.132008060812950134e-02
-4.092875495553016663e-02
1.734373718500137329e-02
9.885396361351013184e-01
1.499617695808410645e-01
3.876211121678352356e-02
-1.505363285541534424e-01
9.878442883491516113e-01
9.131107362918555737e-04
1.008452475070953369e-02
-5.844610277563333511e-03
9.855884313583374023e-01
-1.677256226539611816e-01
-2.198973298072814941e-02
1.691448092460632324e-01
9.753357768058776855e-01
1.418102979660034180e-01
-2.337843179702758789e-03
-1.434860080480575562e-01
9.896495342254638672e-01
-4.686677828431129456e-03
4.468525294214487076e-03
-5.244942847639322281e-03
9.960240721702575684e-01
8.907325565814971924e-02
-1.441881060600280762e-03
-8.853954076766967773e-02
9.880080819129943848e-01
-1.264936923980712891e-01
-9.842589497566223145e-03
1.261184364557266235e-01
9.919664263725280762e-01
2.566298935562372208e-03
6.035748869180679321e-03
2.629865892231464386e-03
9.974617362022399902e-01
-7.002604007720947266e-02
-1.289875432848930359e-02
7.106631994247436523e-02
9.903245568275451660e-01
1.191923022270202637e-01
4.427399486303329468e-03
-1.198064163327217102e-01
9.927874207496643066e-01
5.686292890459299088e-03
6.191520951688289642e-04
-1.861642673611640930e-02
9.975615739822387695e-01
-5.667831748723983765e-02
-4.072405397891998291e-02
5.960287526249885559e-02
9.954303503036499023e-01
7.460554689168930054e-02
3.630946576595306396e-02
-7.685087621212005615e-02
9.963812232017517090e-01
-1.670722849667072296e-04
1.453883131034672260e-03
-2.923031337559223175e-03
9.776859879493713379e-01
1.950136125087738037e-01
7.810021936893463135e-02
-2.067172378301620483e-01
9.592856764793395996e-01
1.924553811550140381e-01
-3.738898038864135742e-02
-2.043055444955825806e-01
9.781928658485412598e-01
3.407044103369116783e-03
5.251996219158172607e-03
-3.153883386403322220e-03
