9.831296801567077637e-01
-1.758187711238861084e-01
5.043706297874450684e-02
1.663973480463027954e-01
9.741951227188110352e-01
1.524992287158966064e-01
-7.594771683216094971e-02
-1.415339559316635132e-01
9.870157837867736816e-01
5.015770904719829559e-03
-1.825152430683374405e-04
-1.422724686563014984e-02
9.323328137397766113e-01
-3.409157991409301758e-01
-1.205483376979827881e-01
3.580812513828277588e-01
9.168447256088256836e-01
1.765604466199874878e-01
5.033184587955474854e-02
-2.077792137861251831e-01
9.768799543380737305e-01
-4.401843063533306122e-03
1.030653156340122223e-02
-5.806849803775548935e-03
9.840283989906311035e-01
1.661844551563262939e-01
6.380370259284973145e-02
-1.013396978378295898e-01
8.176487088203430176e-01
-5.667282938957214355e-01
-1.463504582643508911e-01
5.512108206748962402e-01
8.214306235313415527e-01
3.705369075760245323e-03
7.747619878500699997e-03
6.335066165775060654e-03
9.980534315109252930e-01
4.135113209486007690e-03
6.222800910472869873e-02
1.276511047035455704e-02
9.631293416023254395e-01
-2.687356770038604736e-01
-6.104487925767898560e-02
2.690068781375885010e-01
9.612017869949340820e-01
-5.728472024202346802e-03
4.912195727229118347e-03
2.554641803726553917e-03
9.941446781158447266e-01
-1.074546799063682556e-01
-1.139960438013076782e-02
1.067813634872436523e-01
9.930868744850158691e-01
-4.874714463949203491e-02
1.655889116227626801e-02
4.724444448947906494e-02
9.987461566925048828e-01
-2.224356867372989655e-03
3.356115426868200302e-03
-1.961664995178580284e-03
9.947826862335205078e-01
-6.154169887304306030e-02
8.136341720819473267e-02
1.796015724539756775e-02
8.907431364059448242e-01
4.541520774364471436e-01
-1.004231721162796021e-01
-4.503213763236999512e-01
8.872011899948120117e-01
-1.280486863106489182e-02
-3.697224892675876617e-04
2.624545944854617119e-03
8.984496593475341797e-01
-8.274839073419570923e-02
4.312088191509246826e-01
1.731424331665039062e-01
9.692696928977966309e-01
-1.747512221336364746e-01
-4.034972786903381348e-01
2.316657006740570068e-01
8.851671814918518066e-01
-8.232820546254515648e-04
-1.274815294891595840e-02
9.290958754718303680e-03
9.763642549514770508e-01
-7.027238607406616211e-03
-2.160169929265975952e-01
5.928440764546394348e-02
9.698439836502075195e-01
2.364066243171691895e-01
2.078414857387542725e-01
-2.436254024505615234e-01
9.473376870155334473e-01
-2.777789486572146416e-03
4.543785471469163895e-04
-1.209332607686519623e-02
9.773118495941162109e-01
-2.117346078157424927e-01
-5.471764132380485535e-03
2.116735130548477173e-01
9.754667282104492188e-01
6.048880144953727722e-02
-7.470047101378440857e-03
-6.027465313673019409e-02
9.981539249420166016e-01
7.717141881585121155e-03
3.413704689592123032e-03
-1.473116129636764526e-02
9.558467268943786621e-01
5.820076540112495422e-02
2.880446910858154297e-01
3.047323599457740784e-02
9.552763104438781738e-01
-2.941404283046722412e-01
-2.922815084457397461e-01
2.899308204650878906e-01
9.113241434097290039e-01
-2.120114630088210106e-03
-8.695159107446670532e-03
5.614502821117639542e-03
9.904736876487731934e-01
-1.292419582605361938e-01
-4.752022027969360352e-02
1.316780894994735718e-01
9.899116158485412598e-01
5.230543762445449829e-02
4.028078913688659668e-02
-5.806452035903930664e-02
9.974998831748962402e-01
-1.130100805312395096e-03
-1.436393242329359055e-03
-2.908945782110095024e-03
9.642335772514343262e-01
6.040370464324951172e-02
2.580792903900146484e-01
7.097098231315612793e-02
8.792945146560668945e-01
-4.709611237049102783e-01
-2.553754746913909912e-01
4.724326133728027344e-01
8.435584902763366699e-01
-3.537214361131191254e-03
-1.999079482629895210e-03
3.058466361835598946e-03
9.462224245071411133e-01
1.010772883892059326e-01
3.073216676712036133e-01
-6.376603990793228149e-02
9.895743727684020996e-01
-1.291372179985046387e-01
-3.171704709529876709e-01
1.025958582758903503e-01
9.428027272224426270e-01
-1.685458468273282051e-03
-1.732980087399482727e-02
1.063838601112365723e-02
9.893022775650024414e-01
-4.849912971258163452e-02
-1.375820338726043701e-01
6.708916276693344116e-02
9.887243509292602539e-01
1.338778734207153320e-01
1.295377314090728760e-01
-1.416759043931961060e-01
9.814009666442871094e-01
-2.545411232858896255e-03
9.846949949860572815e-03
-7.238375954329967499e-03
9.697824716567993164e-01
-1.375798881053924561e-01
-2.014786899089813232e-01
1.158576980233192444e-01
9.864743947982788086e-01
-1.159539595246315002e-01
2.147064805030822754e-01
8.910723030567169189e-02
9.726052284240722656e-01
4.771766252815723419e-04
3.790123388171195984e-03
1.754972152411937714e-03
9.396382570266723633e-01
-4.667343199253082275e-02
-3.389715552330017090e-01
1.531814336776733398e-01
9.432166814804077148e-01
2.947503924369812012e-01
3.059666156768798828e-01
-3.288828134536743164e-01
8.934319019317626953e-01
-4.022420383989810944e-03
9.755232371389865875e-03
4.801038186997175217e-03
9.308794736862182617e-01
2.961871922016143799e-01
2.138609588146209717e-01
-1.947664469480514526e-01
8.976225852966308594e-01
-3.953981101512908936e-01
-3.090783059597015381e-01
3.264150023460388184e-01
8.932658433914184570e-01
-8.004118688404560089e-03
7.182603236287832260e-03
6.515131797641515732e-03
9.852353930473327637e-01
-1.530044376850128174e-01
-7.681769132614135742e-02
1.535757929086685181e-01
9.881356358528137207e-01
1.551009714603424072e-03
7.566899061203002930e-02
-1.332546025514602661e-02
9.970439672470092773e-01
3.492436138913035393e-03
-7.507419213652610779e-04
-1.224583387374877930e-02
9.603366851806640625e-01
-2.274450361728668213e-01
-1.613141745328903198e-01
2.421370893716812134e-01
9.671083092689514160e-01
7.791737467050552368e-02
1.382863819599151611e-01
-1.138870120048522949e-01
9.838224649429321289e-01
-6.277275271713733673e-03
1.083869952708482742e-02
-1.016018539667129517e-02
9.946575760841369629e-01
-3.079934604465961456e-02
-9.852727502584457397e-02
3.750394284725189209e-02
9.970521330833435059e-01
6.693617999553680420e-02
9.617523103952407837e-02
-7.027373462915420532e-02
9.928806424140930176e-01
-7.813654956407845020e-04
3.971292637288570404e-03
-6.421205587685108185e-03
9.878202676773071289e-01
-1.511626988649368286e-01
3.689233213663101196e-02
1.432474106550216675e-01
9.760516881942749023e-01
1.637172251939773560e-01
-6.075678765773773193e-02
-1.564384847879409790e-01
9.858171939849853516e-01
-6.418167147785425186e-03
6.640532054007053375e-03
-2.132207853719592094e-03
9.861056804656982422e-01
1.312635540962219238e-01
-1.018116176128387451e-01
-1.332817524671554565e-01
9.909896254539489746e-01
-1.325057074427604675e-02
9.915493428707122803e-02
2.663610875606536865e-02
9.947154521942138672e-01
-4.096416756510734558e-03
6.515033543109893799e-03
1.622513518668711185e-03
9.898297786712646484e-01
-1.385456472635269165e-01
-3.228216245770454407e-02
1.420961469411849976e-01
9.521301388740539551e-01
2.706601321697235107e-01
-6.761962547898292542e-03
-2.724946141242980957e-01
9.621334671974182129e-01
5.569885019212961197e-03
-3.109877463430166245e-03
-2.446166239678859711e-02
9.891476631164550781e-01
-8.732734620571136475e-02
-1.181560903787612915e-01
9.199030697345733643e-02
9.951587915420532227e-01
3.459337353706359863e-02
1.145631074905395508e-01
-4.508714750409126282e-02
9.923923015594482422e-01
-4.795442335307598114e-03
6.400559563189744949e-03
-5.805046763271093369e-03
9.804185628890991211e-01
1.341035813093185425e-01
1.442074030637741089e-01
-1.654400378465652466e-01
9.581074118614196777e-01
2.337943315505981445e-01
-1.068135350942611694e-01
-2.530739307403564453e-01
9.615323543548583984e-01
-4.257222637534141541e-03
4.508440382778644562e-03
-1.821891404688358307e-03
