9.871782064437866211e-01
-1.142735928297042847e-01
-1.114487722516059875e-01
1.283119171857833862e-01
9.834117293357849121e-01
1.282088160514831543e-01
9.494915604591369629e-02
-1.408651620149612427e-01
9.854651689529418945e-01
6.652101292274892330e-04
-8.072940632700920105e-03
-1.264550816267728806e-02
9.828509688377380371e-01
7.837668061256408691e-03
-1.842349469661712646e-01
1.600757241249084473e-02
9.916983246803283691e-01
1.275853514671325684e-01
1.837054640054702759e-01
-1.283465474843978882e-01
9.745662212371826172e-01
-6.784201133996248245e-03
1.079216599464416504e-02
-3.938376437872648239e-03
9.971619248390197754e-01
1.854655146598815918e-02
7.296668738126754761e-02
4.534277319908142090e-02
6.257489919662475586e-01
-7.787054181098937988e-01
-6.010113656520843506e-02
7.798039913177490234e-01
6.231321096420288086e-01
2.992175053805112839e-03
1.419388689100742340e-02
3.025788115337491035e-03
9.974340200424194336e-01
-6.702491641044616699e-02
-2.516046911478042603e-02
5.962291732430458069e-02
9.722312092781066895e-01
-2.262997925281524658e-01
3.962952643632888794e-02
2.242189943790435791e-01
9.737327098846435547e-01
-2.677315846085548401e-03
8.178536780178546906e-03
3.037894144654273987e-03
9.972393512725830078e-01
-6.525695323944091797e-02
-3.543031960725784302e-02
6.602473556995391846e-02
9.975980520248413086e-01
2.094959467649459839e-02
3.397809714078903198e-02
-2.323101833462715149e-02
9.991526007652282715e-01
1.511586131528019905e-03
6.121926475316286087e-03
1.517660217359662056e-03
9.701882004737854004e-01
-2.127751260995864868e-01
1.160243600606918335e-01
1.918036043643951416e-01
9.667600393295288086e-01
1.690753102302551270e-01
-1.481426954269409180e-01
-1.417809426784515381e-01
9.787502288818359375e-01
-8.853606879711151123e-03
4.819137509912252426e-03
-9.631359949707984924e-03
9.084383845329284668e-01
-1.635909378528594971e-01
3.846785128116607666e-01
2.271679043769836426e-01
9.656975269317626953e-01
-1.257900446653366089e-01
-3.509050607681274414e-01
2.016591280698776245e-01
9.144393801689147949e-01
-1.002921606414020061e-03
-1.746685989201068878e-02
1.133449748158454895e-02
8.868656158447265625e-01
6.866699457168579102e-02
-4.568962156772613525e-01
1.146863549947738647e-01
9.252268075942993164e-01
3.616661429405212402e-01
4.475671648979187012e-01
-3.731490671634674072e-01
8.126767277717590332e-01
-6.565957330167293549e-03
1.089711580425500870e-02
-1.263770391233265400e-04
9.937644600868225098e-01
-2.773421257734298706e-02
-1.079947799444198608e-01
3.797648847103118896e-02
9.948504567146301270e-01
9.397014975547790527e-02
1.048324629664421082e-01
-9.748547524213790894e-02
9.897003173828125000e-01
4.469193518161773682e-04
5.182230379432439804e-03
-2.702497644349932671e-03
9.369931817054748535e-01
2.959171496331691742e-02
3.480920791625976562e-01
1.015642285346984863e-01
9.302932620048522949e-01
-3.524756431579589844e-01
-3.342580795288085938e-01
3.656209707260131836e-01
8.686730861663818359e-01
-5.783487111330032349e-03
-6.838144268840551376e-03
7.294273935258388519e-03
9.745268225669860840e-01
-1.137639954686164856e-01
-1.932745873928070068e-01
1.453488618135452271e-01
9.766852855682373047e-01
1.579862534999847412e-01
1.707953065633773804e-01
-1.820540726184844971e-01
9.683414697647094727e-01
-1.009142957627773285e-02
1.808360917493700981e-03
8.256323635578155518e-03
9.786196351051330566e-01
4.659378901124000549e-03
2.056256234645843506e-01
1.226309984922409058e-01
7.893919944763183594e-01
-6.015163660049438477e-01
-1.651219129562377930e-01
6.138718128204345703e-01
7.719431519508361816e-01
-4.053239710628986359e-03
4.789318423718214035e-03
3.008964471518993378e-03
9.434770345687866211e-01
1.525114625692367554e-01
2.942641973495483398e-01
-1.126923859119415283e-01
9.825574159622192383e-01
-1.479236036539077759e-01
-3.116915524005889893e-01
1.064011901617050171e-01
9.442072510719299316e-01
-4.193650558590888977e-03
-1.734270900487899780e-02
8.901333436369895935e-03
9.867749214172363281e-01
1.085264682769775391e-01
-1.204041913151741028e-01
-6.434145569801330566e-02
9.440124034881591797e-01
3.235750496387481689e-01
1.487794816493988037e-01
-3.115487694740295410e-01
9.385105371475219727e-01
-6.914679426699876785e-03
1.317938230931758881e-02
-9.413100779056549072e-04
9.642729759216308594e-01
-2.295935750007629395e-01
-1.321528404951095581e-01
1.720104217529296875e-01
9.220368862152099609e-01
-3.467857837677001953e-01
2.014696002006530762e-01
3.116644620895385742e-01
9.285877346992492676e-01
1.039308262988924980e-03
6.611926946789026260e-03
-2.652256982401013374e-03
9.560711383819580078e-01
-1.669576168060302734e-01
-2.409422099590301514e-01
2.157962918281555176e-01
9.571674466133117676e-01
1.930347084999084473e-01
1.983933746814727783e-01
-2.365493625402450562e-01
9.511489868164062500e-01
-4.567943513393402100e-03
6.529469043016433716e-03
-9.624376893043518066e-03
9.789631366729736328e-01
1.689043790102005005e-01
1.144661754369735718e-01
-5.736866593360900879e-02
7.662318348884582520e-01
-6.399980783462524414e-01
-1.958061158657073975e-01
6.199676990509033203e-01
7.598025798797607422e-01
-6.965442560613155365e-03
1.200281083583831787e-02
6.781737785786390305e-03
9.801741242408752441e-01
-1.030899882316589355e-01
-1.692073494195938110e-01
1.127985492348670959e-01
9.924198389053344727e-01
4.877852275967597961e-02
1.628961414098739624e-01
-6.689777970314025879e-02
9.843726158142089844e-01
-2.185529330745339394e-03
-1.070857048034667969e-03
-7.851589471101760864e-03
9.791768789291381836e-01
-1.453870534896850586e-01
-1.416871249675750732e-01
1.733767092227935791e-01
9.619672894477844238e-01
2.110910713672637939e-01
1.056084781885147095e-01
-2.312607467174530029e-01
9.671429395675659180e-01
-1.227156445384025574e-02
6.066768895834684372e-03
-1.023112423717975616e-02
9.905249476432800293e-01
5.329531617462635040e-03
-1.372292488813400269e-01
2.356567606329917908e-02
9.778292775154113770e-01
2.080733925104141235e-01
1.352956891059875488e-01
-2.093357890844345093e-01
9.684387445449829102e-01
-3.231716575101017952e-03
4.443719983100891113e-03
-1.010412932373583317e-03
9.940654039382934570e-01
-1.073448434472084045e-01
1.763790100812911987e-02
1.069698333740234375e-01
9.940408468246459961e-01
2.098608016967773438e-02
-1.978553831577301025e-02
-1.897484064102172852e-02
9.996241927146911621e-01
-4.496594425290822983e-03
6.959246937185525894e-03
-9.310643188655376434e-03
9.993228316307067871e-01
-9.840875864028930664e-03
-3.545479476451873779e-02
1.480548409745097160e-03
9.735456705093383789e-01
-2.284877151250839233e-01
3.676536679267883301e-02
2.282805591821670532e-01
9.729009866714477539e-01
-7.836458971723914146e-04
7.206952199339866638e-03
3.272575122537091374e-05
9.671733379364013672e-01
-1.081100776791572571e-01
-2.299736440181732178e-01
1.340967565774917603e-01
9.858583807945251465e-01
1.005052104592323303e-01
2.158558368682861328e-01
-1.280446946620941162e-01
9.679931402206420898e-01
1.023743534460663795e-03
-1.589208841323852539e-02
-1.855664514005184174e-02
9.727432727813720703e-01
-6.735016405582427979e-02
-2.218885272741317749e-01
8.445769548416137695e-02
9.940680265426635742e-01
6.852549314498901367e-02
2.159570753574371338e-01
-8.539788424968719482e-02
9.726611375808715820e-01
-9.898077696561813354e-03
1.041957875713706017e-04
-1.141548389568924904e-03
9.903658032417297363e-01
-7.199591398239135742e-02
1.182887703180313110e-01
6.518199294805526733e-02
9.960376024246215820e-01
6.050109863281250000e-02
-1.221758946776390076e-01
-5.220791697502136230e-02
9.911344051361083984e-01
-5.037038587033748627e-03
1.060678996145725250e-02
-8.903083391487598419e-03
