9.955362081527709961e-01
-9.436044842004776001e-02
1.901075243949890137e-03
9.285907447338104248e-02
9.828998446464538574e-01
1.590128540992736816e-01
-1.687309145927429199e-02
-1.581265330314636230e-01
9.872746467590332031e-01
-7.024325896054506302e-04
1.321047428064048290e-03
-2.543141832575201988e-03
9.653143286705017090e-01
-2.556604146957397461e-01
-5.297292768955230713e-02
2.586372792720794678e-01
9.086059927940368652e-01
3.279358744621276855e-01
-3.570866584777832031e-02
-3.302619755268096924e-01
9.432136416435241699e-01
-6.378069519996643066e-03
5.143293179571628571e-03
-7.339012809097766876e-03
9.987806677818298340e-01
4.917846247553825378e-02
4.331484436988830566e-03
-3.388601541519165039e-02
7.467101812362670898e-01
-6.642858386039733887e-01
-3.590293228626251221e-02
6.633290052413940430e-01
7.474660873413085938e-01
3.132679965347051620e-03
9.595146402716636658e-03
5.723476409912109375e-03
9.965067505836486816e-01
-6.508930027484893799e-02
5.232266336679458618e-02
7.851172238588333130e-02
9.437143206596374512e-01
-3.213085830211639404e-01
-2.846390753984451294e-02
3.242941796779632568e-01
9.455280303955078125e-01
-3.895040135830640793e-04
7.252004928886890411e-03
-1.718893414363265038e-03
9.961804747581481934e-01
-8.701788634061813354e-02
-7.238596677780151367e-03
8.652641624212265015e-02
9.948870539665222168e-01
-5.208628997206687927e-02
1.173401065170764923e-02
5.126101523637771606e-02
9.986163973808288574e-01
-1.623716903850436211e-03
4.062521737068891525e-03
-2.885745605453848839e-03
9.953858852386474609e-01
-6.941615045070648193e-02
-6.624469161033630371e-02
8.818059414625167847e-02
9.339647889137268066e-01
3.463146984577178955e-01
3.783036768436431885e-02
-3.505582213401794434e-01
9.357765913009643555e-01
-9.192820638418197632e-03
5.605180747807025909e-03
-3.789721289649605751e-03
9.511998891830444336e-01
-6.445035338401794434e-02
3.017698526382446289e-01
1.047136038541793823e-01
9.873335361480712891e-01
-1.191954165697097778e-01
-2.902653217315673828e-01
1.449780613183975220e-01
9.459003210067749023e-01
-1.562108285725116730e-03
-1.386889070272445679e-02
1.060221064835786819e-02
9.900792837142944336e-01
-1.370697915554046631e-01
-3.090039640665054321e-02
1.405078917741775513e-01
9.669344425201416016e-01
2.128268033266067505e-01
7.065236568450927734e-04
-2.150571644306182861e-01
9.766012430191040039e-01
6.207227241247892380e-03
-1.850001746788620949e-03
-1.292092259973287582e-02
9.941910505294799805e-01
-1.070977672934532166e-01
1.068063080310821533e-02
1.015515327453613281e-01
9.662965536117553711e-01
2.365551590919494629e-01
-3.565517812967300415e-02
-2.340963929891586304e-01
9.715594053268432617e-01
5.980445537716150284e-03
5.590417888015508652e-03
-1.287523750215768814e-02
9.751159548759460449e-01
-4.635063465684652328e-03
2.216470390558242798e-01
7.558494806289672852e-02
9.468301534652709961e-01
-3.127291202545166016e-01
-2.084125876426696777e-01
3.217003643512725830e-01
9.236196279525756836e-01
-1.828134991228580475e-03
-8.030449971556663513e-03
4.960685968399047852e-03
9.852135181427001953e-01
-1.701202988624572754e-01
2.032756805419921875e-02
1.687250435352325439e-01
9.839908480644226074e-01
5.739136040210723877e-02
-2.976560592651367188e-02
-5.311294272541999817e-02
9.981448054313659668e-01
2.396419178694486618e-03
-1.386757707223296165e-03
-4.716577008366584778e-03
9.912748336791992188e-01
4.452001303434371948e-04
1.318104863166809082e-01
7.238678634166717529e-02
8.338672518730163574e-01
-5.471979379653930664e-01
-1.101560518145561218e-01
5.519649982452392578e-01
8.265594244003295898e-01
-1.864948775619268417e-03
3.588621504604816437e-03
2.902486594393849373e-03
9.793264865875244141e-01
7.123508304357528687e-02
1.893283575773239136e-01
-4.759160056710243225e-02
9.908090233802795410e-01
-1.266195625066757202e-01
-1.966079622507095337e-01
1.149914637207984924e-01
9.737157225608825684e-01
-1.368070719763636589e-03
-1.742981001734733582e-02
1.014142390340566635e-02
9.886320233345031738e-01
-1.242598071694374084e-01
-8.465363830327987671e-02
1.419202834367752075e-01
9.571385979652404785e-01
2.524765729904174805e-01
4.965258389711380005e-02
-2.616204321384429932e-01
9.638927578926086426e-01
-4.847737494856119156e-03
9.185444563627243042e-03
-7.045944686979055405e-03
9.984802007675170898e-01
-2.432987838983535767e-02
-4.945089295506477356e-02
1.232197135686874390e-02
9.731180667877197266e-01
-2.299770116806030273e-01
5.371688306331634521e-02
2.290181517601013184e-01
9.719388484954833984e-01
3.935047425329685211e-04
5.222617648541927338e-03
-1.531323185190558434e-03
9.556344151496887207e-01
-1.712593249976634979e-02
-2.940571308135986328e-01
1.027498394250869751e-01
9.549822807312011719e-01
2.783008515834808350e-01
2.760531902313232422e-01
-2.961682081222534180e-01
9.143736362457275391e-01
-5.034052766859531403e-03
8.045319467782974243e-03
1.398723921738564968e-03
9.852374792098999023e-01
1.457721143960952759e-01
8.976409584283828735e-02
-9.136529266834259033e-02
8.911626935005187988e-01
-4.443889558315277100e-01
-1.447739303112030029e-01
4.296273589134216309e-01
8.913252949714660645e-01
-5.096320528537034988e-03
1.000309735536575317e-02
1.635002321563661098e-03
9.884178042411804199e-01
-1.143123060464859009e-01
-9.981448203325271606e-02
1.234850734472274780e-01
9.881524443626403809e-01
9.113761782646179199e-02
8.821377158164978027e-02
-1.024076566100120544e-01
9.908233880996704102e-01
4.337214864790439606e-03
-4.205781035125255585e-03
-1.149519626051187515e-02
9.859609603881835938e-01
-1.343253403902053833e-01
-9.918541461229324341e-02
1.471166908740997314e-01
9.797931909561157227e-01
1.355062127113342285e-01
7.897924631834030151e-02
-1.481956541538238525e-01
9.857993125915527344e-01
-1.213672570884227753e-03
1.214922219514846802e-02
-7.682848721742630005e-03
9.990150332450866699e-01
-4.431365057826042175e-02
-2.309804316610097885e-03
4.431856796145439148e-02
9.938216805458068848e-01
1.017557531595230103e-01
-2.213646657764911652e-03
-1.017578840255737305e-01
9.948067069053649902e-01
1.294065266847610474e-03
1.244654180482029915e-03
-5.044398829340934753e-03
9.947175383567810059e-01
-1.026492863893508911e-01
-2.130046486854553223e-04
1.006399169564247131e-01
9.748331308364868164e-01
1.989266127347946167e-01
-2.021202445030212402e-02
-1.978972256183624268e-01
9.800143241882324219e-01
-4.764085635542869568e-03
4.467725288122892380e-03
-7.341392338275909424e-03
9.977106451988220215e-01
-3.975523263216018677e-02
-5.470745265483856201e-02
3.797591105103492737e-02
9.987273216247558594e-01
-3.318877518177032471e-02
5.595728754997253418e-02
3.103522583842277527e-02
9.979507327079772949e-01
-3.532489761710166931e-03
6.408007815480232239e-03
-1.438671024516224861e-03
9.992002248764038086e-01
-3.935145586729049683e-02
-7.095426321029663086e-03
3.957609087228775024e-02
9.479181170463562012e-01
3.160457909107208252e-01
-5.710978060960769653e-03
-3.160738646984100342e-01
9.487174153327941895e-01
-2.985712140798568726e-03
-3.194436430931091309e-05
-6.819892674684524536e-03
9.889199733734130859e-01
-7.457786798477172852e-02
-1.283569633960723877e-01
8.914160728454589844e-02
9.897319674491882324e-01
1.117337718605995178e-01
1.187060475349426270e-01
-1.219376996159553528e-01
9.854136109352111816e-01
-3.715441329404711723e-03
2.852824749425053596e-03
-3.924412652850151062e-03
9.980944395065307617e-01
3.762070462107658386e-02
4.891058057546615601e-02
-4.575286060571670532e-02
9.830534458160400391e-01
1.775181293487548828e-01
-4.140333831310272217e-02
-1.794176399707794189e-01
9.829013943672180176e-01
-2.560650929808616638e-03
4.591705743223428726e-03
-7.232272066175937653e-03
