9.950329661369323730e-01
-9.954330325126647949e-02
5.842000246047973633e-04
9.861699491739273071e-02
9.865390658378601074e-01
1.304426491260528564e-01
-1.356104016304016113e-02
-1.297371387481689453e-01
9.914556741714477539e-01
4.534826148301362991e-03
-2.091559115797281265e-03
-4.813692998141050339e-03
9.800832271575927734e-01
-1.885955929756164551e-01
-6.219875812530517578e-02
1.974939852952957153e-01
9.584678411483764648e-01
2.057560384273529053e-01
2.081084251403808594e-02
-2.139419466257095337e-01
9.766246676445007324e-01
-3.808019682765007019e-03
5.176297388970851898e-03
-4.131324589252471924e-03
9.952484369277954102e-01
8.664298057556152344e-02
-4.442319273948669434e-02
-9.709253162145614624e-02
8.488653898239135742e-01
-5.196157693862915039e-01
-7.311761379241943359e-03
5.214599967002868652e-01
8.532444238662719727e-01
4.889906849712133408e-03
4.236408974975347519e-03
5.462159402668476105e-03
9.960572123527526855e-01
-8.828529715538024902e-02
8.711867034435272217e-03
8.677230775356292725e-02
9.491125345230102539e-01
-3.027473986148834229e-01
1.845958828926086426e-02
3.023096919059753418e-01
9.530310034751892090e-01
-6.170073756948113441e-04
5.185213871300220490e-03
2.517582150176167488e-03
9.974067807197570801e-01
-7.183517515659332275e-02
4.410341847687959671e-03
7.196759432554244995e-02
9.960367083549499512e-01
-5.226426199078559875e-02
-6.384439766407012939e-04
5.244612693786621094e-02
9.986235499382019043e-01
2.020181389525532722e-03
2.657583216205239296e-03
4.767779610119760036e-04
9.972886443138122559e-01
-6.014915183186531067e-02
-4.239726066589355469e-02
6.753621250391006470e-02
9.769166111946105957e-01
2.026641666889190674e-01
2.922850102186203003e-02
-2.049779891967773438e-01
9.783300161361694336e-01
-1.102797687053680420e-02
1.302351243793964386e-02
-8.373316377401351929e-03
9.509487748146057129e-01
-2.013429105281829834e-01
2.348561733961105347e-01
2.362421154975891113e-01
9.628033638000488281e-01
-1.311464607715606689e-01
-1.997148990631103516e-01
1.801964640617370605e-01
9.631423950195312500e-01
3.532476956024765968e-03
-1.439503300935029984e-02
6.632251664996147156e-03
9.843381047248840332e-01
-5.561300367116928101e-02
-1.672893166542053223e-01
9.763013571500778198e-02
9.620994329452514648e-01
2.546237111091613770e-01
1.467885822057723999e-01
-2.669683098793029785e-01
9.524605870246887207e-01
-2.699242206290364265e-03
8.026473224163055420e-04
-6.718073971569538116e-03
9.975880384445190430e-01
-6.757835298776626587e-02
-1.584624126553535461e-02
6.784127652645111084e-02
9.975565075874328613e-01
1.668747514486312866e-02
1.467981375753879547e-02
-1.772226765751838684e-02
9.997351765632629395e-01
4.378220997750759125e-03
2.477212110534310341e-03
-8.668424561619758606e-03
9.805337786674499512e-01
-4.616044461727142334e-03
1.962963342666625977e-01
5.292536318302154541e-02
9.689350128173828125e-01
-2.415861487388610840e-01
-1.890832334756851196e-01
2.472724616527557373e-01
9.503178000450134277e-01
-3.983023576438426971e-03
-7.458485662937164307e-03
4.000081215053796768e-03
9.934002161026000977e-01
-1.089622676372528076e-01
-3.582230210304260254e-02
1.123360916972160339e-01
9.873383641242980957e-01
1.119979992508888245e-01
2.316519618034362793e-02
-1.152829751372337341e-01
9.930624961853027344e-01
-4.988991655409336090e-03
-5.396059714257717133e-04
2.344109583646059036e-03
9.917429089546203613e-01
-9.629583358764648438e-02
8.469451963901519775e-02
1.255577206611633301e-01
8.635224699974060059e-01
-4.884303510189056396e-01
-2.610180526971817017e-02
4.950313866138458252e-01
8.684830665588378906e-01
1.064507756382226944e-03
2.690950874239206314e-03
4.033362958580255508e-03
9.959937334060668945e-01
8.845862001180648804e-03
8.898496627807617188e-02
1.251459121704101562e-03
9.936189651489257812e-01
-1.127818822860717773e-01
-8.941476047039031982e-02
1.124414056539535522e-01
9.896271228790283203e-01
-1.209696347359567881e-04
-1.442382577806711197e-02
6.109762005507946014e-03
9.987011551856994629e-01
2.240809053182601929e-02
-4.575920104980468750e-02
-1.296947244554758072e-02
9.803182482719421387e-01
1.969971805810928345e-01
4.927290976047515869e-02
-1.961477845907211304e-01
9.793356060981750488e-01
-4.657972604036331177e-03
8.330156095325946808e-03
-2.854051999747753143e-03
9.983919262886047363e-01
-1.686116866767406464e-02
-5.412184074521064758e-02
6.111780181527137756e-03
9.811922311782836914e-01
-1.929367184638977051e-01
5.635707452893257141e-02
1.922956705093383789e-01
9.797174334526062012e-01
1.748266397044062614e-03
2.571727847680449486e-03
-5.079434718936681747e-03
9.705724716186523438e-01
-7.966785132884979248e-02
-2.272490262985229492e-01
1.283852010965347290e-01
9.695765376091003418e-01
2.084193527698516846e-01
2.037310302257537842e-01
-2.314614951610565186e-01
9.512724876403808594e-01
-4.961680620908737183e-03
1.078137010335922241e-02
2.769640414044260979e-03
9.962840080261230469e-01
2.265554293990135193e-02
8.309547603130340576e-02
1.495018601417541504e-02
9.046490192413330078e-01
-4.258950948715209961e-01
-8.482113480567932129e-02
4.255547523498535156e-01
9.009487032890319824e-01
-5.333011969923973083e-03
4.930649884045124054e-03
6.011711433529853821e-03
9.881787896156311035e-01
-1.091068238019943237e-01
-1.076958850026130676e-01
1.132968962192535400e-01
9.929939508438110352e-01
3.356834501028060913e-02
1.032788157463073730e-01
-4.537314921617507935e-02
9.936169385910034180e-01
1.315786736086010933e-03
3.747260663658380508e-03
-6.705584004521369934e-03
9.901860952377319336e-01
-1.263946592807769775e-01
-5.963083356618881226e-02
1.345173865556716919e-01
9.776805639266967773e-01
1.613876968622207642e-01
3.790136426687240601e-02
-1.678252220153808594e-01
9.850879311561584473e-01
-5.090744234621524811e-04
7.164031267166137695e-03
-9.402018971741199493e-03
9.983671307563781738e-01
4.198249429464340210e-02
-3.873483836650848389e-02
-3.492071479558944702e-02
9.852103590965270996e-01
1.677529811859130859e-01
4.520463570952415466e-02
-1.661264300346374512e-01
9.850677847862243652e-01
9.344224818050861359e-04
3.062111791223287582e-03
-2.383945044130086899e-03
9.938245415687561035e-01
-8.627055585384368896e-02
-6.978713721036911011e-02
9.602595120668411255e-02
9.838123321533203125e-01
1.513017714023590088e-01
5.560455471277236938e-02
-1.570687741041183472e-01
9.860210418701171875e-01
-1.459003426134586334e-03
3.765844274312257767e-03
-7.689039222896099091e-03
9.973047375679016113e-01
-7.118973881006240845e-02
1.775369048118591309e-02
7.248091697692871094e-02
9.934978485107421875e-01
-8.779796957969665527e-02
-1.138794422149658203e-02
8.884815126657485962e-02
9.959801435470581055e-01
-5.863795522600412369e-04
4.125162027776241302e-03
3.667654935270547867e-03
9.952749609947204590e-01
-9.515160322189331055e-02
1.933423615992069244e-02
8.888170123100280762e-02
9.729864001274108887e-01
2.130666971206665039e-01
-3.908559679985046387e-02
-2.103414833545684814e-01
9.768462777137756348e-01
1.179717946797609329e-03
-1.683693844825029373e-03
-1.035002898424863815e-02
9.852975606918334961e-01
7.332994788885116577e-02
-1.543094515800476074e-01
-6.678151339292526245e-02
9.966502189636230469e-01
4.720814526081085205e-02
1.572543233633041382e-01
-3.620905429124832153e-02
9.868941307067871094e-01
-4.436113871634006500e-03
1.470331451855599880e-03
-5.783188156783580780e-03
9.969318509101867676e-01
5.573940277099609375e-02
-5.495474860072135925e-02
-4.971209540963172913e-02
9.931728839874267578e-01
1.055285483598709106e-01
6.046167761087417603e-02
-1.024728268384933472e-01
9.928966164588928223e-01
-4.193602362647652626e-04
5.711526609957218170e-03
-3.268888685852289200e-03
