9.847029447555541992e-01
-8.672451972961425781e-02
-1.511258035898208618e-01
1.082295402884483337e-01
9.841566085815429688e-01
1.404356360435485840e-01
1.365522593259811401e-01
-1.546436846256256104e-01
9.784880280494689941e-01
-4.098230274394154549e-04
-7.108056917786598206e-03
-1.414583716541528702e-02
9.812396168708801270e-01
-4.708264768123626709e-02
-1.869549006223678589e-01
7.208558171987533569e-02
9.889847040176391602e-01
1.292784214019775391e-01
1.788087487220764160e-01
-1.403298825025558472e-01
9.738248586654663086e-01
-4.131825640797615051e-03
6.722681224346160889e-03
-6.184712052345275879e-03
9.926497936248779297e-01
9.371794760227203369e-02
7.657210528850555420e-02
-3.991260193288326263e-03
6.577192544937133789e-01
-7.532526850700378418e-01
-1.209562495350837708e-01
7.474104762077331543e-01
6.532589197158813477e-01
3.221176331862807274e-03
1.266335137188434601e-02
3.294674912467598915e-03
9.986869692802429199e-01
-9.230315685272216797e-03
-5.039021372795104980e-02
-3.442205488681793213e-04
9.824024438858032227e-01
-1.867759823799133301e-01
5.122746527194976807e-02
1.865480691194534302e-01
9.811093807220458984e-01
-4.234638530761003494e-03
5.846364423632621765e-03
1.668346812948584557e-03
9.987397193908691406e-01
-4.960253089666366577e-02
7.655582856386899948e-03
4.951458424329757690e-02
9.987096786499023438e-01
1.127865910530090332e-02
-8.205149322748184204e-03
-1.088538020849227905e-02
9.999070763587951660e-01
1.150915748439729214e-03
3.703478956595063210e-03
1.192835043184459209e-05
9.739173650741577148e-01
-2.129066288471221924e-01
7.845928519964218140e-02
1.945885270833969116e-01
9.615465402603149414e-01
1.938132047653198242e-01
-1.167063713073730469e-01
-1.734907329082489014e-01
9.778959751129150391e-01
-1.150333229452371597e-02
5.293713882565498352e-03
-9.823814034461975098e-03
9.121280908584594727e-01
-2.211170047521591187e-01
3.451517820358276367e-01
2.766243517398834229e-01
9.534272551536560059e-01
-1.202307492494583130e-01
-3.024920821189880371e-01
2.051431834697723389e-01
9.308140873908996582e-01
-7.546785054728388786e-04
-1.629200391471385956e-02
6.365263368934392929e-03
8.280285596847534180e-01
1.357069760560989380e-01
-5.440149307250976562e-01
9.475365281105041504e-02
9.224421977996826172e-01
3.743289709091186523e-01
5.526214241981506348e-01
-3.615025281906127930e-01
7.509497404098510742e-01
-8.446546271443367004e-03
1.429702155292034149e-02
1.977691892534494400e-03
9.937475323677062988e-01
-4.468738660216331482e-02
-1.023175865411758423e-01
5.328072234988212585e-02
9.951362013816833496e-01
8.285551518201828003e-02
9.811735898256301880e-02
-8.778901398181915283e-02
9.912952184677124023e-01
1.169492490589618683e-03
5.357530433684587479e-03
-2.452157437801361084e-03
9.436609148979187012e-01
5.475720763206481934e-02
3.263520002365112305e-01
6.933236867189407349e-02
9.316089153289794922e-01
-3.567881584167480469e-01
-3.235691785812377930e-01
3.593138754367828369e-01
8.753265738487243652e-01
-6.677329540252685547e-03
-7.026514038443565369e-03
8.395986631512641907e-03
9.727220535278320312e-01
-1.342792361974716187e-01
-1.891583204269409180e-01
1.654148846864700317e-01
9.731957912445068359e-01
1.597746610641479492e-01
1.626336723566055298e-01
-1.867059469223022461e-01
9.688607454299926758e-01
-9.646068327128887177e-03
4.992492031306028366e-03
1.169781200587749481e-02
9.876117110252380371e-01
2.505985274910926819e-02
1.549036204814910889e-01
6.917520612478256226e-02
8.165366649627685547e-01
-5.731341242790222168e-01
-1.408471316099166870e-01
5.767495036125183105e-01
8.046876192092895508e-01
-2.740844618529081345e-03
4.918500315397977829e-03
2.170601394027471542e-03
9.619852304458618164e-01
1.545934975147247314e-01
2.251338809728622437e-01
-1.145660728216171265e-01
9.767546057701110840e-01
-1.811768561601638794e-01
-2.479092627763748169e-01
1.484967321157455444e-01
9.573346376419067383e-01
-2.575869672000408173e-03
-1.493867114186286926e-02
9.033434092998504639e-03
9.914112687110900879e-01
7.644636929035186768e-02
-1.061110720038414001e-01
-4.052656143903732300e-02
9.510086178779602051e-01
3.064966201782226562e-01
1.243431046605110168e-01
-2.995638847351074219e-01
9.459388256072998047e-01
-5.626613274216651917e-03
1.297666132450103760e-02
-1.707243383862078190e-03
9.729976058006286621e-01
-1.898392289876937866e-01
-1.312883794307708740e-01
1.463640332221984863e-01
9.472818970680236816e-01
-2.850169241428375244e-01
1.784745156764984131e-01
2.581048905849456787e-01
9.494886398315429688e-01
-1.993604470044374466e-03
4.835611209273338318e-03
-2.753105945885181427e-03
9.613925814628601074e-01
-2.073043733835220337e-01
-1.809674203395843506e-01
2.390044629573822021e-01
9.549806714057922363e-01
1.757523119449615479e-01
1.363861560821533203e-01
-2.122190147638320923e-01
9.676579236984252930e-01
-6.037386599928140640e-03
3.011484630405902863e-03
-9.202957153320312500e-03
9.817988872528076172e-01
1.708564460277557373e-01
8.293987810611724854e-02
-8.661204576492309570e-02
7.914334535598754883e-01
-6.050880551338195801e-01
-1.690246015787124634e-01
5.868911743164062500e-01
7.918266654014587402e-01
-5.053637549281120300e-03
1.452718954533338547e-02
5.384583957493305206e-03
9.851999282836914062e-01
-6.529650837182998657e-02
-1.584849655628204346e-01
7.110158354043960571e-02
9.969798922538757324e-01
3.123319149017333984e-02
1.559669077396392822e-01
-4.203945770859718323e-02
9.868672490119934082e-01
-8.034970611333847046e-03
-1.424004323780536652e-03
-6.918548140674829483e-03
9.854677915573120117e-01
-1.162143200635910034e-01
-1.238848567008972168e-01
1.361175328493118286e-01
9.765722751617431641e-01
1.666692346334457397e-01
1.016131564974784851e-01
-1.811100244522094727e-01
9.781993627548217773e-01
-1.262310799211263657e-02
1.407867297530174255e-03
-1.054942980408668518e-02
9.900574088096618652e-01
-2.215710282325744629e-02
-1.389076709747314453e-01
5.264206230640411377e-02
9.741185307502746582e-01
2.198225408792495728e-01
1.304419189691543579e-01
-2.249493300914764404e-01
9.655996561050415039e-01
-3.869859268888831139e-03
5.761331878602504730e-03
-2.353687072172760963e-03
9.878405332565307617e-01
-1.522727906703948975e-01
3.137136995792388916e-02
1.493699550628662109e-01
9.855258464813232422e-01
8.017118275165557861e-02
-4.312516748905181885e-02
-7.451044023036956787e-02
9.962873458862304688e-01
-5.894866771996021271e-03
4.808620549738407135e-03
-1.154489908367395401e-02
9.950854182243347168e-01
-4.770284518599510193e-02
-8.677174150943756104e-02
2.524137310683727264e-02
9.695594310760498047e-01
-2.435514628887176514e-01
9.574845433235168457e-02
2.401642799377441406e-01
9.659986495971679688e-01
9.019550634548068047e-04
7.500813342630863190e-03
-2.017343882471323013e-03
9.600416421890258789e-01
-1.340580582618713379e-01
-2.456594109535217285e-01
1.602640897035598755e-01
9.829716682434082031e-01
8.990065753459930420e-02
2.294243127107620239e-01
-1.256787478923797607e-01
9.651783704757690430e-01
1.515422016382217407e-03
-1.047314051538705826e-02
-1.226921845227479935e-02
9.768039584159851074e-01
-4.443099722266197205e-02
-2.094754129648208618e-01
6.047135591506958008e-02
9.956559538841247559e-01
7.079922407865524292e-02
2.054197341203689575e-01
-8.182421326637268066e-02
9.752473831176757812e-01
-1.032120641320943832e-02
-7.918075425550341606e-05
-1.379438443109393120e-03
9.962400794029235840e-01
-4.827623814344406128e-02
7.193782180547714233e-02
4.068129882216453552e-02
9.937932491302490234e-01
1.035372018814086914e-01
-7.648970931768417358e-02
-1.002213656902313232e-01
9.920206069946289062e-01
-3.728773677721619606e-03
8.837288245558738708e-03
-1.059213466942310333e-02
