9.903746843338012695e-01
-1.064195930957794189e-01
-8.850405365228652954e-02
1.175617426633834839e-01
9.842469096183776855e-01
1.320502758026123047e-01
7.305712997913360596e-02
-1.411839425563812256e-01
9.872840046882629395e-01
3.002400975674390793e-03
-4.329306539148092270e-04
-1.195214781910181046e-02
9.567053318023681641e-01
-2.484377920627593994e-01
-1.516368091106414795e-01
2.776563465595245361e-01
9.352805614471435547e-01
2.194473594427108765e-01
8.730392158031463623e-02
-2.520493268966674805e-01
9.637681841850280762e-01
-6.387903820723295212e-03
9.616768918931484222e-03
-5.474260542541742325e-03
9.828172922134399414e-01
1.834300309419631958e-01
2.058318257331848145e-02
-1.283369064331054688e-01
7.592258453369140625e-01
-6.380484104156494141e-01
-1.326645314693450928e-01
6.244434714317321777e-01
7.697210907936096191e-01
2.988465828821063042e-03
7.736929692327976227e-03
5.073961336165666580e-03
9.981744885444641113e-01
-1.606524735689163208e-02
5.822046846151351929e-02
3.128372505307197571e-02
9.621079564094543457e-01
-2.708683311939239502e-01
-5.166282132267951965e-02
2.721952199935913086e-01
9.608542323112487793e-01
-3.136407583951950073e-03
6.497127003967761993e-03
6.366806337609887123e-04
9.955204129219055176e-01
-9.452839195728302002e-02
-1.884053461253643036e-03
9.441363811492919922e-02
9.949758052825927734e-01
-3.330492228269577026e-02
5.022859200835227966e-03
3.297784924507141113e-02
9.994434118270874023e-01
-5.376797635108232498e-04
4.562919493764638901e-03
-8.320276974700391293e-04
9.910908341407775879e-01
-1.078089624643325806e-01
7.820637524127960205e-02
7.788318395614624023e-02
9.454488158226013184e-01
3.163236379623413086e-01
-1.080426201224327087e-01
-3.074144721031188965e-01
9.454221725463867188e-01
-1.532447524368762970e-02
1.047958433628082275e-02
-3.199865575879812241e-03
8.798890709877014160e-01
-1.463786512613296509e-01
4.520714282989501953e-01
2.401494085788726807e-01
9.579154253005981445e-01
-1.572461873292922974e-01
-4.100286662578582764e-01
2.469238638877868652e-01
8.780120611190795898e-01
-1.808655681088566780e-03
-1.649557612836360931e-02
8.351879194378852844e-03
9.184951186180114746e-01
6.015413254499435425e-02
-3.908301591873168945e-01
7.326457649469375610e-02
9.453618526458740234e-01
3.176842033863067627e-01
3.885858952999114990e-01
-3.204253911972045898e-01
8.639031052589416504e-01
-6.934016942977905273e-03
5.786591209471225739e-03
-3.482206026092171669e-03
9.941206574440002441e-01
-1.081899181008338928e-01
-4.347482696175575256e-03
1.080381870269775391e-01
9.884598255157470703e-01
1.061839014291763306e-01
-7.190702483057975769e-03
-1.060293167829513550e-01
9.943370223045349121e-01
3.330158302560448647e-03
4.810866434127092361e-03
-1.018497440963983536e-02
9.081173539161682129e-01
2.534400224685668945e-01
3.333031535148620605e-01
-1.424464881420135498e-01
9.355289340019226074e-01
-3.232563436031341553e-01
-3.937407732009887695e-01
2.460768520832061768e-01
8.856717348098754883e-01
-6.776546128094196320e-03
-1.078069582581520081e-02
3.671703394502401352e-03
9.847808480262756348e-01
-8.274471014738082886e-02
-1.528392434120178223e-01
1.074566096067428589e-01
9.810467362403869629e-01
1.612463146448135376e-01
1.366001218557357788e-01
-1.752158403396606445e-01
9.750075340270996094e-01
-5.948284175246953964e-03
1.137837767601013184e-03
3.013041801750659943e-03
9.717431068420410156e-01
4.158785194158554077e-02
2.323484867811203003e-01
1.026417985558509827e-01
8.119665980339050293e-01
-5.746085643768310547e-01
-2.125559449195861816e-01
5.822205543518066406e-01
7.847542762756347656e-01
-3.748751711100339890e-03
8.615911938250064850e-04
2.049725735560059547e-03
9.495490193367004395e-01
1.429848968982696533e-01
2.791273593902587891e-01
-9.161018580198287964e-02
9.776616692543029785e-01
-1.891699582338333130e-01
-2.999405264854431152e-01
1.540552675724029541e-01
9.414365291595458984e-01
-2.266163006424903870e-03
-1.864511892199516296e-02
7.417310029268264771e-03
9.879318475723266602e-01
-3.062489815056324005e-02
-1.518313586711883545e-01
6.043495237827301025e-02
9.787771105766296387e-01
1.958138048648834229e-01
1.426122486591339111e-01
-2.026266008615493774e-01
9.688158631324768066e-01
-5.932501517236232758e-03
9.092792868614196777e-03
-2.814222592860460281e-03
9.770448803901672363e-01
-1.497104912996292114e-01
-1.515586972236633301e-01
1.123945116996765137e-01
9.666163325309753418e-01
-2.302616089582443237e-01
1.809716820716857910e-01
2.079415768384933472e-01
9.612541794776916504e-01
-3.474410623311996460e-04
4.246075637638568878e-03
-1.584191340953111649e-03
9.680037498474121094e-01
-1.340857893228530884e-01
-2.121079564094543457e-01
1.846349388360977173e-01
9.530098438262939453e-01
2.401712983846664429e-01
1.699374467134475708e-01
-2.716492414474487305e-01
9.472739696502685547e-01
-8.130704052746295929e-03
9.785098955035209656e-03
4.594595171511173248e-03
9.723527431488037109e-01
1.910878419876098633e-01
1.342222094535827637e-01
-9.325391054153442383e-02
8.447149991989135742e-01
-5.270297527313232422e-01
-2.140884548425674438e-01
4.999419748783111572e-01
8.391805887222290039e-01
-7.215774152427911758e-03
6.830142345279455185e-03
6.885505281388759613e-03
9.805784225463867188e-01
-1.243858486413955688e-01
-1.516379565000534058e-01
1.369541734457015991e-01
9.877011775970458984e-01
7.543147355318069458e-02
1.403903663158416748e-01
-9.473392367362976074e-02
9.855536222457885742e-01
-9.514393750578165054e-04
-8.021825924515724182e-04
-7.970956154167652130e-03
9.819422960281372070e-01
-1.105583608150482178e-01
-1.535131633281707764e-01
1.236661002039909363e-01
9.892051815986633301e-01
7.861278951168060303e-02
1.431646943092346191e-01
-9.617756307125091553e-02
9.850146770477294922e-01
-6.096026860177516937e-03
6.458879914134740829e-03
-9.305552579462528229e-03
9.943898916244506836e-01
3.454638412222266197e-03
-1.057203859090805054e-01
1.863868907094001770e-02
9.781052470207214355e-01
2.072743922472000122e-01
1.041217073798179626e-01
-2.080820798873901367e-01
9.725535511970520020e-01
-2.689284156076610088e-04
6.612736731767654419e-03
-4.249790683388710022e-03
9.864794611930847168e-01
-1.635581701993942261e-01
1.034846901893615723e-02
1.596096158027648926e-01
9.731554388999938965e-01
1.658110618591308594e-01
-3.719042241573333740e-02
-1.619175374507904053e-01
9.861032366752624512e-01
-6.693869829177856445e-03
3.935006447136402130e-03
-4.087354987859725952e-03
9.999402761459350586e-01
2.287849783897399902e-04
1.092782616615295410e-02
1.593888737261295319e-03
9.860412478446960449e-01
-1.664933413267135620e-01
-1.081338524818420410e-02
1.665008515119552612e-01
9.859820008277893066e-01
-2.122943988069891930e-04
7.036051712930202484e-03
3.223249921575188637e-03
9.884025454521179199e-01
-8.635231852531433105e-02
-1.249145492911338806e-01
1.091162189841270447e-01
9.759475588798522949e-01
1.887322962284088135e-01
1.056125834584236145e-01
-2.001736760139465332e-01
9.740515947341918945e-01
1.986826770007610321e-03
-5.598934367299079895e-03
-1.721914671361446381e-02
9.819567203521728516e-01
-5.297676473855972290e-02
-1.815340965986251831e-01
6.779946386814117432e-02
9.947663545608520508e-01
7.644106447696685791e-02
1.765343695878982544e-01
-8.736971765756607056e-02
9.804091453552246094e-01
-4.204461351037025452e-03
8.084749570116400719e-04
-1.875961315818130970e-03
9.924958944320678711e-01
1.126814857125282288e-01
4.748539626598358154e-02
-1.190354973077774048e-01
9.791872501373291016e-01
1.643866598606109619e-01
-2.797375619411468506e-02
-1.688054949045181274e-01
9.852523207664489746e-01
-1.129827112890779972e-03
6.249300204217433929e-03
-5.942577030509710312e-03
