9.974156618118286133e-01
-7.135979831218719482e-02
8.346840739250183105e-03
6.985796242952346802e-02
9.903877377510070801e-01
1.193815097212791443e-01
-1.678565144538879395e-02
-1.184899061918258667e-01
9.928133487701416016e-01
1.003272598609328270e-03
9.333714842796325684e-06
-6.487437523901462555e-03
9.502370953559875488e-01
-2.967443764209747314e-01
-9.482780098915100098e-02
3.114211559295654297e-01
9.127942919731140137e-01
2.642412185668945312e-01
8.146166801452636719e-03
-2.806232571601867676e-01
9.597834348678588867e-01
-8.627090603113174438e-03
5.857319571077823639e-03
-5.512434057891368866e-03
9.827978610992431641e-01
1.792478561401367188e-01
4.448177665472030640e-02
-1.088782027363777161e-01
7.568849325180053711e-01
-6.444150209426879883e-01
-1.491776108741760254e-01
6.284865736961364746e-01
7.633811235427856445e-01
3.124201437458395958e-03
7.966144941747188568e-03
7.536731660366058350e-03
9.895634651184082031e-01
2.760758809745311737e-02
1.414287090301513672e-01
2.100660279393196106e-02
9.433519244194030762e-01
-3.311280310153961182e-01
-1.425586938858032227e-01
3.306431770324707031e-01
9.329267144203186035e-01
-3.974691499024629593e-03
5.890946835279464722e-03
-5.646102363243699074e-05
9.974809288978576660e-01
-6.996379047632217407e-02
1.170202251523733139e-02
7.077212631702423096e-02
9.927418828010559082e-01
-9.723579883575439453e-02
-4.814100451767444611e-03
9.781904518604278564e-02
9.951925873756408691e-01
-3.941965289413928986e-03
3.002701560035347939e-03
-2.811763668432831764e-03
9.991120100021362305e-01
-3.888618201017379761e-02
-1.622140407562255859e-02
4.213378205895423889e-02
9.211943745613098145e-01
3.868148922920227051e-01
-9.865313768386840820e-05
-3.871548175811767578e-01
9.220147132873535156e-01
-9.898972697556018829e-03
3.353803185746073723e-03
2.680884208530187607e-04
9.232870936393737793e-01
-7.051923871040344238e-02
3.775817751884460449e-01
1.409983932971954346e-01
9.766018986701965332e-01
-1.623827815055847168e-01
-3.572960495948791504e-01
2.031643390655517578e-01
9.116270542144775391e-01
-1.075383974239230156e-03
-1.396197732537984848e-02
1.094131357967853546e-02
9.822660684585571289e-01
-2.371248975396156311e-02
-1.859867721796035767e-01
6.323477625846862793e-02
9.757483005523681641e-01
2.095628976821899414e-01
1.765069961547851562e-01
-2.176074087619781494e-01
9.599438905715942383e-01
6.697394419461488724e-04
-3.090854734182357788e-04
-1.397578790783882141e-02
9.844738245010375977e-01
-1.750849783420562744e-01
1.251734234392642975e-02
1.721215993165969849e-01
9.768780469894409180e-01
1.268205046653747559e-01
-3.443225845694541931e-02
-1.226969659328460693e-01
9.918467402458190918e-01
4.966218490153551102e-03
5.341405048966407776e-03
-1.132680289447307587e-02
9.552059173583984375e-01
6.417515873908996582e-02
2.889000177383422852e-01
3.118207491934299469e-02
9.489457607269287109e-01
-3.138942122459411621e-01
-2.942946851253509521e-01
3.088421225547790527e-01
9.044375419616699219e-01
-1.720275264233350754e-03
-9.254878386855125427e-03
5.531710572540760040e-03
9.808757901191711426e-01
-1.845709532499313354e-01
-6.177593767642974854e-02
1.877100467681884766e-01
9.809738993644714355e-01
4.954916238784790039e-02
5.145525932312011719e-02
-6.019753962755203247e-02
9.968594312667846680e-01
-1.225606538355350494e-04
-1.838095951825380325e-03
-2.044501481577754021e-03
9.636706113815307617e-01
2.270144969224929810e-02
2.661271393299102783e-01
1.146595999598503113e-01
8.647390604019165039e-01
-4.889576137065887451e-01
-2.412305921316146851e-01
5.017081499099731445e-01
8.307206630706787109e-01
-2.314293291419744492e-03
5.539022386074066162e-04
4.230158869177103043e-03
9.590603709220886230e-01
8.569120615720748901e-02
2.699264883995056152e-01
-4.294436797499656677e-02
9.861065149307250977e-01
-1.604675054550170898e-01
-2.799268960952758789e-01
1.423061937093734741e-01
9.494155645370483398e-01
-2.643988700583577156e-03
-1.852323301136493683e-02
1.011364068835973740e-02
9.829472899436950684e-01
-1.041734218597412109e-01
-1.515337824821472168e-01
1.300934702157974243e-01
9.763509035110473633e-01
1.726691722869873047e-01
1.299626231193542480e-01
-1.894382238388061523e-01
9.732537865638732910e-01
-4.650710616260766983e-03
8.117437362670898438e-03
-6.414867471903562546e-03
9.934568405151367188e-01
-3.644753247499465942e-02
-1.082356423139572144e-01
1.555309444665908813e-02
9.820566177368164062e-01
-1.879437416791915894e-01
1.131436228752136230e-01
1.850305795669555664e-01
9.761977791786193848e-01
-4.627127200365066528e-04
4.193701781332492828e-03
1.035775640048086643e-03
9.604800939559936523e-01
-3.961502760648727417e-02
-2.755152583122253418e-01
1.239991337060928345e-01
9.470736384391784668e-01
2.961011230945587158e-01
2.492031455039978027e-01
-3.185629248619079590e-01
9.145575761795043945e-01
-6.931868381798267365e-03
8.919233456254005432e-03
5.265840329229831696e-03
9.413341283798217773e-01
2.968247830867767334e-01
1.605775803327560425e-01
-2.016330361366271973e-01
8.762285113334655762e-01
-4.376845061779022217e-01
-2.706182301044464111e-01
3.796296119689941406e-01
8.846734166145324707e-01
-7.312811911106109619e-03
6.879445165395736694e-03
5.256358068436384201e-03
9.870193004608154297e-01
-1.324411779642105103e-01
-9.084169566631317139e-02
1.365104615688323975e-01
9.898257851600646973e-01
4.012256115674972534e-02
8.460355550050735474e-02
-5.200256407260894775e-02
9.950566887855529785e-01
3.958772402256727219e-03
-6.965482607483863831e-04
-1.282106898725032806e-02
9.808986186981201172e-01
-1.514769196510314941e-01
-1.220356971025466919e-01
1.666167825460433960e-01
9.780349135398864746e-01
1.252456903457641602e-01
1.003833413124084473e-01
-1.431865096092224121e-01
9.845917820930480957e-01
-4.478041548281908035e-03
9.591718204319477081e-03
-6.393873598426580429e-03
9.912703633308410645e-01
-1.011736765503883362e-01
-8.453866839408874512e-02
1.087586656212806702e-01
9.899368286132812500e-01
9.053510427474975586e-02
7.452814280986785889e-02
-9.893907606601715088e-02
9.922986626625061035e-01
7.431231206282973289e-04
3.260100260376930237e-03
-6.667175795882940292e-03
9.962471723556518555e-01
-7.745566964149475098e-02
3.862985968589782715e-02
6.867210566997528076e-02
9.790004491806030273e-01
1.919435709714889526e-01
-5.268575251102447510e-02
-1.885703951120376587e-01
9.806454181671142578e-01
-6.434448063373565674e-03
5.403294693678617477e-03
-5.209103692322969437e-03
9.957283139228820801e-01
2.292564325034618378e-02
-8.944003283977508545e-02
-3.130145743489265442e-02
9.951366186141967773e-01
-9.339866042137145996e-02
8.686383068561553955e-02
9.579929709434509277e-02
9.916033744812011719e-01
-4.147421102970838547e-03
7.037880830466747284e-03
1.251090434379875660e-04
9.996073246002197266e-01
-7.478920742869377136e-03
-2.700309082865715027e-02
1.576991938054561615e-02
9.467591643333435059e-01
3.215562701225280762e-01
2.316053584218025208e-02
-3.218559026718139648e-01
9.465053677558898926e-01
2.320986241102218628e-04
1.876715105026960373e-03
-1.300153881311416626e-02
9.849203228950500488e-01
-9.456434845924377441e-02
-1.448773294687271118e-01
1.028048992156982422e-01
9.934201240539550781e-01
5.047377943992614746e-02
1.391510367393493652e-01
-6.460677087306976318e-02
9.881613850593566895e-01
-4.706026986241340637e-03
3.826036816462874413e-03
-5.281257443130016327e-03
9.938685894012451172e-01
1.012415215373039246e-01
4.444707930088043213e-02
-1.083633005619049072e-01
9.717650413513183594e-01
2.095954120159149170e-01
-2.197234705090522766e-02
-2.131266891956329346e-01
9.767774939537048340e-01
-1.294580055400729179e-03
2.873294753953814507e-03
-3.327162237837910652e-03
