9.981241226196289062e-01
-3.840678930282592773e-02
-4.767847061157226562e-02
4.197731614112854004e-02
9.962012171745300293e-01
7.629576325416564941e-02
4.456705600023269653e-02
-7.815405726432800293e-02
9.959446191787719727e-01
1.331280567683279514e-03
1.005360740236938000e-03
-1.032858341932296753e-02
9.773645997047424316e-01
-1.603553891181945801e-01
-1.380026936531066895e-01
1.841914504766464233e-01
9.658588767051696777e-01
1.821814775466918945e-01
1.040773242712020874e-01
-2.034766376018524170e-01
9.735323190689086914e-01
-6.984291598200798035e-03
9.282766841351985931e-03
-5.525570362806320190e-03
9.901288747787475586e-01
1.397885382175445557e-01
1.019637286663055420e-02
-1.021042242646217346e-01
7.692188620567321777e-01
-6.307750344276428223e-01
-9.601837396621704102e-02
6.235074996948242188e-01
7.758988142013549805e-01
5.900268442928791046e-03
4.875704646110534668e-03
8.113031275570392609e-03
9.935134053230285645e-01
3.614132478833198547e-02
1.078192740678787231e-01
-9.454575367271900177e-03
9.711205959320068359e-01
-2.384018152952194214e-01
-1.133216693997383118e-01
2.358360290527343750e-01
9.651629924774169922e-01
-4.801723174750804901e-03
6.244751624763011932e-03
1.030272454954683781e-03
9.962307810783386230e-01
-8.640241622924804688e-02
7.673051208257675171e-03
8.663776516914367676e-02
9.954724311828613281e-01
-3.909705951809883118e-02
-4.260228946805000305e-03
3.961447253823280334e-02
9.992059469223022461e-01
-1.777809113264083862e-03
3.573259105905890465e-03
-9.687448618933558464e-04
9.873794913291931152e-01
-1.449678540229797363e-01
6.376609951257705688e-02
1.205802485346794128e-01
9.491685628890991211e-01
2.907567620277404785e-01
-1.026751175522804260e-01
-2.793983221054077148e-01
9.546697735786437988e-01
-1.209894288331270218e-02
1.108156889677047729e-02
-4.954805597662925720e-03
9.157533645629882812e-01
-3.036726415157318115e-01
2.630185484886169434e-01
3.463607430458068848e-01
9.284934997558593750e-01
-1.339183151721954346e-01
-2.035436928272247314e-01
2.137354612350463867e-01
9.554512500762939453e-01
2.343973610550165176e-03
-1.335644256323575974e-02
9.583805687725543976e-03
9.523417353630065918e-01
8.016613125801086426e-02
-2.943106591701507568e-01
1.313609164208173752e-02
9.531738162040710449e-01
3.021376430988311768e-01
3.047503829002380371e-01
-2.916043996810913086e-01
9.066941142082214355e-01
-9.387795813381671906e-03
6.032766774296760559e-03
-2.183255273848772049e-03
9.986224770545959473e-01
-4.353763908147811890e-02
2.928705140948295593e-02
3.860513865947723389e-02
9.876462817192077637e-01
1.518698781728744507e-01
-3.553728759288787842e-02
-1.505300253629684448e-01
9.879665970802307129e-01
3.480260260403156281e-03
4.715280607342720032e-03
-1.085884869098663330e-02
9.780678153038024902e-01
1.152108833193778992e-01
1.735216528177261353e-01
-7.567588239908218384e-02
9.727200865745544434e-01
-2.192914187908172607e-01
-1.940527558326721191e-01
2.013504803180694580e-01
9.601050019264221191e-01
-1.470528077334165573e-03
-1.326600462198257446e-02
8.348769508302211761e-03
9.982625246047973633e-01
3.311707079410552979e-02
-4.873502254486083984e-02
-2.455991506576538086e-02
9.856950044631958008e-01
1.667396575212478638e-01
5.355975031852722168e-02
-1.652530133724212646e-01
9.847958087921142578e-01
-1.398309599608182907e-03
5.388090386986732483e-03
9.581625927239656448e-04
9.876495003700256348e-01
-5.819585546851158142e-02
1.454710066318511963e-01
1.341441720724105835e-01
7.938141226768493652e-01
-5.931818485260009766e-01
-8.095620572566986084e-02
6.053697466850280762e-01
7.918166518211364746e-01
-6.676018238067626953e-04
2.423857338726520538e-03
3.014930523931980133e-03
9.954454302787780762e-01
1.808617264032363892e-02
9.360177814960479736e-02
-4.091683775186538696e-03
9.890398383140563965e-01
-1.475924551486968994e-01
-9.524528682231903076e-02
1.465372443199157715e-01
9.846091270446777344e-01
2.930351998656988144e-03
-1.717383973300457001e-02
1.247859094291925430e-02
9.915886521339416504e-01
-1.052419245243072510e-01
-7.533990591764450073e-02
1.146382242441177368e-01
9.843598604202270508e-01
1.337678879499435425e-01
6.008359044790267944e-02
-1.412795484066009521e-01
9.881447553634643555e-01
-3.874449525028467178e-03
6.347504444420337677e-03
-1.399334985762834549e-03
9.950954318046569824e-01
-8.822371065616607666e-02
-4.473929852247238159e-02
7.347090542316436768e-02
9.620192050933837891e-01
-2.629092335700988770e-01
6.623488664627075195e-02
2.583326995372772217e-01
9.637827277183532715e-01
-5.275760777294635773e-04
5.214356351643800735e-03
1.472993404604494572e-03
9.738566875457763672e-01
-1.027071326971054077e-01
-2.026188373565673828e-01
1.460695117712020874e-01
9.662301540374755859e-01
2.122807204723358154e-01
1.739737391471862793e-01
-2.363274395465850830e-01
9.559720754623413086e-01
-4.745974205434322357e-03
8.000202476978302002e-03
-1.608799444511532784e-03
9.887975454330444336e-01
1.117441654205322266e-01
9.895826876163482666e-02
-4.842727631330490112e-02
8.672838211059570312e-01
-4.954529106616973877e-01
-1.411888897418975830e-01
4.851102828979492188e-01
8.629795312881469727e-01
-3.511340357363224030e-03
6.881048902869224548e-03
3.957749810069799423e-03
9.978231787681579590e-01
-2.150689437985420227e-02
-6.234102323651313782e-02
2.926684170961380005e-02
9.915515184402465820e-01
1.263687014579772949e-01
5.909653753042221069e-02
-1.279181391000747681e-01
9.900225400924682617e-01
-1.628819270990788937e-03
-2.008908428251743317e-03
-1.012882310897111893e-02
9.993665218353271484e-01
-1.158263534307479858e-03
-3.557014465332031250e-02
6.493501365184783936e-03
9.886273145675659180e-01
1.502461731433868408e-01
3.499159589409828186e-02
-1.503819376230239868e-01
9.880084991455078125e-01
-4.548451863229274750e-03
8.479947224259376526e-03
-1.504985522478818893e-02
9.970518350601196289e-01
-5.765806883573532104e-02
-5.062785372138023376e-02
6.689011305570602417e-02
9.764047861099243164e-01
2.053276449441909790e-01
3.759446740150451660e-02
-2.081087827682495117e-01
9.773828983306884766e-01
1.038915710523724556e-03
9.794780053198337555e-03
-5.674815271049737930e-03
9.852196574211120605e-01
-1.703250110149383545e-01
-1.821114122867584229e-02
1.712688952684402466e-01
9.775968790054321289e-01
1.223569810390472412e-01
-3.037273883819580078e-03
-1.236674785614013672e-01
9.923190474510192871e-01
-4.566927440464496613e-03
3.802475053817033768e-03
-6.937856785953044891e-03
9.991201162338256836e-01
2.868591807782649994e-02
3.059637546539306641e-02
-2.213122136890888214e-02
9.802787303924560547e-01
-1.963767558336257935e-01
-3.562623262405395508e-02
1.955268383026123047e-01
9.800510406494140625e-01
5.183691624552011490e-03
5.968629382550716400e-03
1.208283472806215286e-03
9.961392283439636230e-01
-4.284362867474555969e-02
-7.662237435579299927e-02
5.111468583345413208e-02
9.926754832267761230e-01
1.094654425978660583e-01
7.137124240398406982e-02
-1.129593700170516968e-01
9.910329580307006836e-01
1.377883367240428925e-03
-1.585100777447223663e-03
-1.602714322507381439e-02
9.983215928077697754e-01
-4.131933301687240601e-02
-4.058076441287994385e-02
4.477301239967346191e-02
9.950913786888122559e-01
8.825264126062393188e-02
3.673502802848815918e-02
-8.992142975330352783e-02
9.952712059020996094e-01
-3.915439359843730927e-03
7.966006523929536343e-05
-1.638141693547368050e-03
9.912161231040954590e-01
1.277020275592803955e-01
3.439074009656906128e-02
-1.313660442829132080e-01
9.807514548301696777e-01
1.444630920886993408e-01
-1.528053265064954758e-02
-1.477119028568267822e-01
9.889123439788818359e-01
4.838202148675918579e-03
5.392530467361211777e-03
-5.241013597697019577e-03
