9.844222068786621094e-01
-8.997941762208938599e-02
-1.510517597198486328e-01
9.969720989465713501e-02
9.933242797851562500e-01
5.802895128726959229e-02
1.448219716548919678e-01
-7.218442857265472412e-02
9.868211746215820312e-01
-2.038069535046815872e-03
-7.362982258200645447e-03
-1.162378024309873581e-02
9.864055514335632324e-01
2.166508138179779053e-02
-1.628946065902709961e-01
7.952975109219551086e-03
9.838154911994934082e-01
1.790073961019515991e-01
1.641364544630050659e-01
-1.778694093227386475e-01
9.702687859535217285e-01
2.204006537795066833e-03
7.089571096003055573e-03
-7.555560674518346786e-03
9.843488931655883789e-01
-1.642951667308807373e-01
6.375229358673095703e-02
1.684795767068862915e-01
7.712134718894958496e-01
-6.138765215873718262e-01
5.169032514095306396e-02
6.150097846984863281e-01
7.868235111236572266e-01
5.047410726547241211e-03
3.697382751852273941e-03
3.183729015290737152e-03
9.825160503387451172e-01
-1.596751660108566284e-01
-9.573936462402343750e-02
1.534472107887268066e-01
9.857260584831237793e-01
-6.926738470792770386e-02
1.054330766201019287e-01
5.336535349488258362e-02
9.929934740066528320e-01
-2.408905886113643646e-03
6.276655942201614380e-03
3.562033642083406448e-03
9.941733479499816895e-01
-1.077844500541687012e-01
-1.367078162729740143e-03
1.077882573008537292e-01
9.939281940460205078e-01
2.210003510117530823e-02
-1.023272052407264709e-03
-2.211861684918403625e-02
9.997548460960388184e-01
1.336090848781168461e-03
4.141420125961303711e-03
2.050717826932668686e-03
9.801340699195861816e-01
-1.913228332996368408e-01
5.227684974670410156e-02
1.874572932720184326e-01
9.797092676162719727e-01
7.091900706291198730e-02
-6.478448957204818726e-02
-5.971042066812515259e-02
9.961112737655639648e-01
-1.492001768201589584e-02
3.004573285579681396e-03
-1.292491517961025238e-02
9.628800153732299805e-01
-2.573606371879577637e-01
8.141084015369415283e-02
2.514489293098449707e-01
9.648663401603698730e-01
7.619991898536682129e-02
-9.816144406795501709e-02
-5.290070176124572754e-02
9.937635064125061035e-01
-2.352823503315448761e-03
-1.697837561368942261e-02
-5.383723415434360504e-03
9.401919245719909668e-01
-5.004600435495376587e-02
-3.369490206241607666e-01
1.763756424188613892e-01
9.177559018135070801e-01
3.558310866355895996e-01
2.914290130138397217e-01
-3.939791023731231689e-01
8.716936111450195312e-01
-5.354275461286306381e-03
1.531808543950319290e-02
5.013790214434266090e-04
9.929637908935546875e-01
-7.104677706956863403e-02
-9.473729133605957031e-02
8.032701164484024048e-02
9.919353127479553223e-01
9.803998470306396484e-02
8.700785785913467407e-02
-1.049601212143898010e-01
9.906629323959350586e-01
-2.324284520000219345e-03
8.394278585910797119e-03
-3.086801152676343918e-03
9.921081662178039551e-01
3.842094540596008301e-02
1.193537637591362000e-01
-2.243297174572944641e-02
9.909268617630004883e-01
-1.325169950723648071e-01
-1.233622729778289795e-01
1.287937164306640625e-01
9.839684367179870605e-01
-7.957703433930873871e-03
-1.365350466221570969e-02
1.232899911701679230e-02
9.768539667129516602e-01
-1.238444671034812927e-01
-1.744098216295242310e-01
1.454198211431503296e-01
9.824427366256713867e-01
1.168731600046157837e-01
1.568735837936401367e-01
-1.395306736230850220e-01
9.777125716209411621e-01
-6.697792094200849533e-03
1.875665504485368729e-03
1.050603110343217850e-02
9.954419136047363281e-01
-8.033955097198486328e-02
-5.139046907424926758e-02
3.738649934530258179e-02
8.244516849517822266e-01
-5.646961927413940430e-01
8.773641288280487061e-02
5.602009296417236328e-01
8.236974477767944336e-01
-1.639873255044221878e-03
5.278949625790119171e-03
1.329135149717330933e-03
9.924886226654052734e-01
1.222334951162338257e-01
-5.016580224037170410e-03
-1.211702972650527954e-01
9.878498911857604980e-01
9.731621295213699341e-02
1.685093343257904053e-02
-9.597736597061157227e-02
9.952408671379089355e-01
-6.885157199576497078e-04
-1.805171184241771698e-02
9.389747865498065948e-03
9.979267120361328125e-01
-6.393684446811676025e-02
-7.378637790679931641e-03
6.369142234325408936e-02
9.645337462425231934e-01
2.561601400375366211e-01
-9.261142462491989136e-03
-2.560989558696746826e-01
9.666061997413635254e-01
-7.760962471365928650e-03
8.095933124423027039e-03
-2.653577830642461777e-04
9.836607575416564941e-01
-1.383253931999206543e-01
-1.152286678552627563e-01
1.119870916008949280e-01
9.712733626365661621e-01
-2.099691331386566162e-01
1.409625709056854248e-01
1.936342865228652954e-01
9.708940982818603516e-01
3.067175857722759247e-04
3.000255674123764038e-04
1.893337583169341087e-03
9.750560522079467773e-01
-1.613027751445770264e-01
-1.524699330329895020e-01
1.961653083562850952e-01
9.476528167724609375e-01
2.519392371177673340e-01
1.038500219583511353e-01
-2.755641937255859375e-01
9.556566476821899414e-01
-5.410223733633756638e-03
-1.861083786934614182e-03
-1.298629678785800934e-02
9.754400849342346191e-01
-1.784589439630508423e-01
1.291090697050094604e-01
2.201193571090698242e-01
8.111007809638977051e-01
-5.419068336486816406e-01
-8.012391626834869385e-03
5.570169687271118164e-01
8.304624557495117188e-01
-5.563796497881412506e-03
1.191411633044481277e-02
4.684883169829845428e-03
9.737679362297058105e-01
-1.548546999692916870e-01
-1.667218059301376343e-01
1.729394942522048950e-01
9.798445105552673340e-01
9.998324513435363770e-02
1.478785574436187744e-01
-1.261932551860809326e-01
9.809215664863586426e-01
-4.749055020511150360e-03
3.655015025287866592e-03
-5.566754378378391266e-03
9.931596517562866211e-01
-1.130354255437850952e-01
-2.927294373512268066e-02
1.156874224543571472e-01
9.865459203720092773e-01
1.155146211385726929e-01
1.582184433937072754e-02
-1.181109622120857239e-01
9.928743243217468262e-01
-1.168073434382677078e-02
1.959416083991527557e-03
-1.030641980469226837e-02
9.890277981758117676e-01
-9.869411587715148926e-02
-1.099241152405738831e-01
1.119889169931411743e-01
9.861689209938049316e-01
1.221849471330642700e-01
9.634479880332946777e-02
-1.331546008586883545e-01
9.864012598991394043e-01
-6.294500082731246948e-03
2.755773719400167465e-03
-1.329276477918028831e-03
9.821183085441589355e-01
-1.853380948305130005e-01
-3.306819498538970947e-02
1.861405968666076660e-01
9.822518825531005859e-01
2.308496832847595215e-02
2.820277214050292969e-02
-2.882751822471618652e-02
9.991864562034606934e-01
-1.095417886972427368e-03
5.623592995107173920e-03
-8.867366239428520203e-03
9.932292699813842773e-01
-8.612407743930816650e-02
-7.796320319175720215e-02
7.228303700685501099e-02
9.835364818572998047e-01
-1.656237989664077759e-01
9.094385802745819092e-02
1.588670164346694946e-01
9.831025600433349609e-01
-1.446506008505821228e-03
5.900656804442405701e-03
-6.839121924713253975e-04
9.640513062477111816e-01
-1.751202493906021118e-01
-1.998447477817535400e-01
1.906211078166961670e-01
9.797662496566772461e-01
6.100547313690185547e-02
1.851178407669067383e-01
-9.690704941749572754e-02
9.779265522956848145e-01
-4.564114846289157867e-03
-9.773054160177707672e-03
-1.474332530051469803e-02
9.901760816574096680e-01
6.890255957841873169e-02
-1.216713637113571167e-01
-6.395534425973892212e-02
9.969773292541503906e-01
4.411269724369049072e-02
1.243430376052856445e-01
-3.589780628681182861e-02
9.915897846221923828e-01
-1.031575817614793777e-02
3.633911255747079849e-04
-5.632219836115837097e-05
9.927456378936767578e-01
-1.202170848846435547e-01
2.005378250032663345e-03
1.202328205108642578e-01
9.926673173904418945e-01
-1.247761398553848267e-02
-4.906365647912025452e-04
1.262822747230529785e-02
9.999201893806457520e-01
-6.760209333151578903e-03
6.816881708800792694e-03
-9.966683574020862579e-03
