9.949528574943542480e-01
-8.430015295743942261e-02
5.442659556865692139e-02
7.705436646938323975e-02
9.893194437026977539e-01
1.237321197986602783e-01
-6.427592039108276367e-02
-1.189138218760490417e-01
9.908219575881958008e-01
4.744903184473514557e-03
-1.552060712128877640e-03
-7.498220540583133698e-03
9.675294756889343262e-01
-2.341686785221099854e-01
-9.514100104570388794e-02
2.479221075773239136e-01
9.525000452995300293e-01
1.768561750650405884e-01
4.920762777328491211e-02
-1.947011202573776245e-01
9.796274900436401367e-01
-5.321712233126163483e-03
3.275138791650533676e-03
-2.447162987664341927e-03
9.852671623229980469e-01
1.309183984994888306e-01
-1.100406125187873840e-01
-1.688483804464340210e-01
8.469012975692749023e-01
-5.042305588722229004e-01
2.718046307563781738e-02
5.153820514678955078e-01
8.565294146537780762e-01
7.058534771203994751e-03
4.949828144162893295e-03
6.413084920495748520e-03
9.995257258415222168e-01
6.106136366724967957e-03
3.018571436405181885e-02
8.183566387742757797e-04
9.745355844497680664e-01
-2.242313921451568604e-01
-3.078624606132507324e-02
2.241497337818145752e-01
9.740683436393737793e-01
-1.994000980630517006e-03
4.588786512613296509e-03
3.118316875770688057e-03
9.952545166015625000e-01
-6.551916897296905518e-02
7.194238901138305664e-02
6.731514632701873779e-02
9.974705576896667480e-01
-2.282723039388656616e-02
-7.026478648185729980e-02
2.756171673536300659e-02
9.971475005149841309e-01
1.529277651570737362e-03
1.705945469439029694e-03
1.678480766713619232e-03
9.963909387588500977e-01
-8.438152074813842773e-02
-9.215727448463439941e-03
8.343476057052612305e-02
9.536271691322326660e-01
2.891952097415924072e-01
-1.561436057090759277e-02
-2.889204025268554688e-01
9.572257995605468750e-01
-1.046574208885431290e-02
1.314238645136356354e-02
-5.679426714777946472e-03
9.594041109085083008e-01
-1.502538323402404785e-01
2.386787831783294678e-01
2.083110511302947998e-01
9.480244517326354980e-01
-2.405331730842590332e-01
-1.901323050260543823e-01
2.804879546165466309e-01
9.408380985260009766e-01
5.240229889750480652e-03
-1.187025103718042374e-02
3.261946607381105423e-03
9.725891947746276855e-01
-3.158224374055862427e-02
-2.303753495216369629e-01
9.618172794580459595e-02
9.566473960876464844e-01
2.749088704586029053e-01
2.117056995630264282e-01
-2.895313501358032227e-01
9.334625601768493652e-01
-4.813344217836856842e-03
4.687021486461162567e-03
-2.637082478031516075e-03
9.958260655403137207e-01
-8.504821360111236572e-02
3.312209248542785645e-02
8.519109338521957397e-02
9.963603615760803223e-01
-2.924446016550064087e-03
-3.275281563401222229e-02
5.733946338295936584e-03
9.994470477104187012e-01
4.623446613550186157e-03
4.361501429229974747e-03
-3.750018775463104248e-03
9.762710928916931152e-01
1.539491117000579834e-01
1.522972136735916138e-01
-1.025822386145591736e-01
9.481408596038818359e-01
-3.008418679237365723e-01
-1.907135397195816040e-01
2.780801951885223389e-01
9.414349198341369629e-01
-3.568099346011877060e-03
-7.794774603098630905e-03
4.765681922435760498e-03
9.947797060012817383e-01
-9.400200843811035156e-02
-3.971070051193237305e-02
9.778810292482376099e-02
9.893674850463867188e-01
1.076545268297195435e-01
2.916872501373291016e-02
-1.109757646918296814e-01
9.933949708938598633e-01
-2.309762872755527496e-03
1.675910316407680511e-03
5.305674858391284943e-03
9.988079071044921875e-01
-1.569291390478610992e-02
4.622161388397216797e-02
3.714589774608612061e-02
8.586865663528442383e-01
-5.111533403396606445e-01
-3.166837990283966064e-02
5.122609734535217285e-01
8.582458496093750000e-01
3.471563803032040596e-03
1.539350487291812897e-03
2.531361533328890800e-03
9.916861057281494141e-01
1.283755302429199219e-01
8.859679102897644043e-03
-1.242974698543548584e-01
9.734489321708679199e-01
-1.922170072793960571e-01
-3.330041468143463135e-02
1.895177066326141357e-01
9.813125133514404297e-01
2.847004914656281471e-03
-1.338530052453279495e-02
5.115311592817306519e-03
9.978320002555847168e-01
-6.430041044950485229e-02
-1.402333378791809082e-02
6.573241949081420898e-02
9.842051863670349121e-01
1.643758714199066162e-01
3.232374787330627441e-03
-1.649412959814071655e-01
9.862980246543884277e-01
-2.707655541598796844e-03
6.876606494188308716e-03
-1.893445733003318310e-04
9.992544054985046387e-01
-1.199713442474603653e-02
-3.669709712266921997e-02
6.996946409344673157e-03
9.910288453102111816e-01
-1.334653198719024658e-01
3.796907141804695129e-02
1.331090331077575684e-01
9.903738498687744141e-01
9.859406854957342148e-04
3.446572925895452499e-03
-4.753656685352325439e-03
9.723656177520751953e-01
-9.916424751281738281e-02
-2.113565504550933838e-01
1.512569934129714966e-01
9.571955800056457520e-01
2.467751801013946533e-01
1.778383255004882812e-01
-2.719247937202453613e-01
9.457433819770812988e-01
-4.946970380842685699e-03
1.235691457986831665e-02
9.475337341427803040e-03
9.936475753784179688e-01
9.280411899089813232e-02
6.365481764078140259e-02
-5.488857626914978027e-02
8.934550881385803223e-01
-4.457861483097076416e-01
-9.824351221323013306e-02
4.394603669643402100e-01
8.928733468055725098e-01
-3.834592644125223160e-03
8.526034653186798096e-03
7.359066512435674667e-03
9.949020743370056152e-01
-6.192103773355484009e-02
-7.959724217653274536e-02
6.405652314424514771e-02
9.976440072059631348e-01
2.455897629261016846e-02
7.788898050785064697e-02
-2.953248843550682068e-02
9.965245127677917480e-01
-2.708250656723976135e-03
3.325938712805509567e-03
-2.217205241322517395e-03
9.962327480316162109e-01
-8.584359288215637207e-02
1.229238882660865784e-02
8.361367136240005493e-02
9.884513616561889648e-01
1.263827383518218994e-01
-2.299959585070610046e-02
-1.248788088560104370e-01
9.919053912162780762e-01
-1.261181198060512543e-03
5.521204322576522827e-03
-8.864003233611583710e-03
9.998742341995239258e-01
6.248001474887132645e-03
-1.457580178976058960e-02
-3.850273322314023972e-03
9.872593879699707031e-01
1.590726077556610107e-01
1.538395695388317108e-02
-1.589964926242828369e-01
9.871592521667480469e-01
2.678532619029283524e-03
6.540182046592235565e-03
-2.000316279008984566e-03
9.920565485954284668e-01
-1.161357462406158447e-01
-4.833605885505676270e-02
1.240745633840560913e-01
9.666799902915954590e-01
2.239091545343399048e-01
2.072164416313171387e-02
-2.281278073787689209e-01
9.734107255935668945e-01
-1.326879952102899551e-03
2.728127175942063332e-03
-5.282305181026458740e-03
9.965770244598388672e-01
-1.741134561598300934e-02
8.081488311290740967e-02
2.248903550207614899e-02
9.978007674217224121e-01
-6.235251575708389282e-02
-7.955153286457061768e-02
6.395652890205383301e-02
9.947769045829772949e-01
2.919723920058459044e-04
5.298228934407234192e-03
5.206779111176729202e-03
9.903572201728820801e-01
-1.341612488031387329e-01
3.454231098294258118e-02
1.263334155082702637e-01
9.769201278686523438e-01
1.722406446933746338e-01
-5.685308575630187988e-02
-1.662159860134124756e-01
9.844490289688110352e-01
2.732033608481287956e-03
-2.814158331602811813e-03
-1.238805335015058517e-02
9.828711748123168945e-01
1.391560435295104980e-01
-1.208301633596420288e-01
-1.344178467988967896e-01
9.898304939270019531e-01
4.655674844980239868e-02
1.260800212621688843e-01
-2.951755560934543610e-02
9.915809035301208496e-01
-5.053046159446239471e-03
2.488487167283892632e-03
-1.388734206557273865e-03
9.950646162033081055e-01
9.693060815334320068e-02
-2.123635634779930115e-02
-9.150379896163940430e-02
9.791219830513000488e-01
1.815136075019836426e-01
3.838722780346870422e-02
-1.786744892597198486e-01
9.831590652465820312e-01
2.924652304500341415e-03
7.652878295630216599e-03
-1.914458349347114563e-03
