9.980435967445373535e-01
-5.976964533329010010e-02
1.834890246391296387e-02
5.623529851436614990e-02
9.864132404327392578e-01
1.543585360050201416e-01
-2.732555568218231201e-02
-1.530247032642364502e-01
9.878445267677307129e-01
-5.638905568048357964e-04
1.835899078287184238e-03
-1.148166775237768888e-04
9.720253944396972656e-01
-2.323819100856781006e-01
-3.413501381874084473e-02
2.301093786954879761e-01
9.130603671073913574e-01
3.367052078247070312e-01
-4.707688093185424805e-02
-3.351408243179321289e-01
9.409911632537841797e-01
-5.750886164605617523e-03
6.301446352154016495e-03
-7.574343122541904449e-03
9.963597655296325684e-01
8.482870459556579590e-02
-8.438281714916229248e-03
-6.629954278469085693e-02
7.088727951049804688e-01
-7.022135257720947266e-01
-5.358620733022689819e-02
7.002168297767639160e-01
7.119163870811462402e-01
3.913925494998693466e-03
9.701433591544628143e-03
6.474153138697147369e-03
9.955185651779174805e-01
-6.037764251232147217e-03
9.437292814254760742e-02
4.109931737184524536e-02
9.264053702354431152e-01
-3.742778003215789795e-01
-8.516779541969299316e-02
3.764792084693908691e-01
9.225019216537475586e-01
-9.728937875479459763e-04
7.557731121778488159e-03
-1.662044785916805267e-03
9.988666772842407227e-01
-4.715855792164802551e-02
6.449067965149879456e-03
4.749380424618721008e-02
9.964377880096435547e-01
-6.968578696250915527e-02
-3.139822743833065033e-03
6.991308927536010742e-02
9.975481629371643066e-01
-1.318449736572802067e-03
4.488071426749229431e-03
-3.426805837079882622e-03
9.931586384773254395e-01
-4.534069076180458069e-02
-1.076112538576126099e-01
8.215690404176712036e-02
9.261897206306457520e-01
3.679985404014587402e-01
8.298313617706298828e-02
-3.743218779563903809e-01
9.235783219337463379e-01
-8.515069261193275452e-03
4.206888843327760696e-03
-2.553685335442423820e-03
9.552769064903259277e-01
-1.112487614154815674e-01
2.739885449409484863e-01
1.643508076667785645e-01
9.699936509132385254e-01
-1.791679859161376953e-01
-2.458349615335464478e-01
2.161852717399597168e-01
9.448963999748229980e-01
1.053150277584791183e-03
-1.403305679559707642e-02
1.030176598578691483e-02
9.946721196174621582e-01
-8.771314471960067749e-02
-5.416419357061386108e-02
9.762092679738998413e-02
9.702703356742858887e-01
2.214623391628265381e-01
3.312872350215911865e-02
-2.255699932575225830e-01
9.736635088920593262e-01
4.557066597044467926e-03
-1.260760473087430000e-03
-1.484076958149671555e-02
9.964405894279479980e-01
-7.188410311937332153e-02
4.403187334537506104e-02
5.768600478768348694e-02
9.623449444770812988e-01
2.656398415565490723e-01
-6.146913766860961914e-02
-2.621543109416961670e-01
9.630662798881530762e-01
6.087031215429306030e-03
8.379002101719379425e-03
-1.333176344633102417e-02
9.758118391036987305e-01
3.315694397315382957e-03
2.185867577791213989e-01
8.282414823770523071e-02
9.197387099266052246e-01
-3.836937248706817627e-01
-2.023149281740188599e-01
3.925171494483947754e-01
8.972173333168029785e-01
-6.896757986396551132e-04
-8.086232468485832214e-03
4.621857311576604843e-03
9.845193624496459961e-01
-1.732172966003417969e-01
2.678525447845458984e-02
1.708144396543502808e-01
9.824495315551757812e-01
7.493551075458526611e-02
-3.929525613784790039e-02
-6.920017302036285400e-02
9.968286156654357910e-01
3.849932923913002014e-03
-3.679497167468070984e-04
-4.787817597389221191e-03
9.895989894866943359e-01
-1.698151603341102600e-02
1.428477615118026733e-01
9.500408917665481567e-02
8.227943181991577148e-01
-5.603424906730651855e-01
-1.080188453197479248e-01
5.680855512619018555e-01
8.158497214317321777e-01
-2.552140504121780396e-04
3.166557522490620613e-03
2.976583316922187805e-03
9.871947169303894043e-01
5.414664745330810547e-02
1.500490456819534302e-01
-2.189900353550910950e-02
9.777249097824096680e-01
-2.087449282407760620e-01
-1.580094844102859497e-01
2.027859687805175781e-01
9.663906097412109375e-01
-4.665772430598735809e-04
-1.696442626416683197e-02
8.607785217463970184e-03
9.941290020942687988e-01
-8.547633886337280273e-02
-6.634214520454406738e-02
1.005392894148826599e-01
9.563465714454650879e-01
2.743958532810211182e-01
3.999171406030654907e-02
-2.794548869132995605e-01
9.593256115913391113e-01
-3.947441466152667999e-03
9.779006242752075195e-03
-7.215308025479316711e-03
9.989702701568603516e-01
2.743183448910713196e-02
-3.613629564642906189e-02
-3.521886840462684631e-02
9.709908366203308105e-01
-2.365090847015380859e-01
2.860010415315628052e-02
2.375382483005523682e-01
9.709571003913879395e-01
-5.910648033022880554e-04
6.034810096025466919e-03
-1.973131875274702907e-04
9.496859312057495117e-01
-2.511862292885780334e-02
-3.121951222419738770e-01
1.172095239162445068e-01
9.528524875640869141e-01
2.798823714256286621e-01
2.904456257820129395e-01
-3.023925423622131348e-01
9.078546762466430664e-01
-4.461267031729221344e-03
9.530371055006980896e-03
8.709225803613662720e-04
9.730021953582763672e-01
2.148227393627166748e-01
8.436787128448486328e-02
-1.527588963508605957e-01
8.734598159790039062e-01
-4.623124301433563232e-01
-1.730071604251861572e-01
4.369430243968963623e-01
8.826943635940551758e-01
-5.056755151599645615e-03
1.008208282291889191e-02
1.981028821319341660e-03
9.929019808769226074e-01
-6.486362963914871216e-02
-9.969189763069152832e-02
7.409144192934036255e-02
9.930140972137451172e-01
9.183345735073089600e-02
9.303880482912063599e-02
-9.856796264648437500e-02
9.907714724540710449e-01
5.303728859871625900e-03
-2.501853741705417633e-03
-1.257319562137126923e-02
9.910597801208496094e-01
-1.104341745376586914e-01
-7.486528158187866211e-02
1.218320354819297791e-01
9.778091311454772949e-01
1.704299151897430420e-01
5.438264459371566772e-02
-1.780272126197814941e-01
9.825217127799987793e-01
-1.557534560561180115e-04
1.239484362304210663e-02
-6.348518189042806625e-03
9.968515634536743164e-01
-7.923862338066101074e-02
-2.851038705557584763e-03
7.903290539979934692e-02
9.900851845741271973e-01
1.161256581544876099e-01
-6.378896534442901611e-03
-1.159853786230087280e-01
9.932304620742797852e-01
1.716637285426259041e-03
2.852371428161859512e-03
-5.238519515842199326e-03
9.956945776939392090e-01
-6.721235811710357666e-02
-6.383473426103591919e-02
7.942565530538558960e-02
9.736657738685607910e-01
2.136973142623901367e-01
4.779058694839477539e-02
-2.178473919630050659e-01
9.748120307922363281e-01
-3.275474067777395248e-03
5.302113015204668045e-03
-9.169795550405979156e-03
9.973710179328918457e-01
-1.766149699687957764e-02
-7.027877867221832275e-02
1.529069617390632629e-02
9.993004202842712402e-01
-3.413034230470657349e-02
7.083243131637573242e-02
3.296600282192230225e-02
9.969434142112731934e-01
-3.924343734979629517e-03
7.423100061714649200e-03
-4.943031235598027706e-04
9.999273419380187988e-01
-1.087102107703685760e-02
5.213856697082519531e-03
8.151976391673088074e-03
9.282176494598388672e-01
3.719483017921447754e-01
-8.883047848939895630e-03
-3.718787729740142822e-01
9.282388091087341309e-01
-3.467779606580734253e-03
3.576350398361682892e-03
-4.338111262768507004e-03
9.907529950141906738e-01
-5.764348804950714111e-02
-1.228242516517639160e-01
7.315376400947570801e-02
9.893590807914733887e-01
1.257669478654861450e-01
1.142676323652267456e-01
-1.335890144109725952e-01
9.844272136688232422e-01
-2.374398754909634590e-03
3.054014872759580612e-03
-6.331617012619972229e-03
9.978746771812438965e-01
6.388670206069946289e-02
-1.283250935375690460e-02
-5.970961973071098328e-02
9.753243923187255859e-01
2.125490307807922363e-01
2.609492838382720947e-02
-2.113310396671295166e-01
9.770660996437072754e-01
-1.696566585451364517e-03
4.071157891303300858e-03
-5.887690465897321701e-03
