9.941042661666870117e-01
-1.081010252237319946e-01
-8.422672748565673828e-03
1.078010499477386475e-01
9.770186543464660645e-01
1.838845610618591309e-01
-1.164901256561279297e-02
-1.837084144353866577e-01
9.829117655754089355e-01
4.947028355672955513e-05
1.029924605973064899e-03
-7.192836143076419830e-03
9.577984809875488281e-01
-2.746875286102294922e-01
-8.466935157775878906e-02
2.872953712940216064e-01
9.054763317108154297e-01
3.123684823513031006e-01
-9.137630462646484375e-03
-3.235111832618713379e-01
9.461802840232849121e-01
-5.696978420019149780e-03
4.296421073377132416e-03
-5.437176674604415894e-03
9.985784292221069336e-01
4.510727897286415100e-02
2.839909121394157410e-02
-1.665482670068740845e-02
7.701544761657714844e-01
-6.376398801803588867e-01
-5.063392221927642822e-02
6.362605094909667969e-01
7.698108553886413574e-01
2.416461473330855370e-03
1.004833169281482697e-02
4.970195703208446503e-03
9.960052967071533203e-01
-6.776451319456100464e-02
5.815118923783302307e-02
8.100149035453796387e-02
9.597300291061401367e-01
-2.689927816390991211e-01
-3.758129477500915527e-02
2.726285755634307861e-01
9.613851308822631836e-01
-5.661644390784204006e-04
6.867497228085994720e-03
-1.558441552333533764e-03
9.935405850410461426e-01
-1.085980013012886047e-01
3.291834145784378052e-02
1.084654256701469421e-01
9.940833449363708496e-01
5.791403353214263916e-03
-3.335250169038772583e-02
-2.183489501476287842e-03
9.994412660598754883e-01
-5.248091183602809906e-04
4.427785053849220276e-03
-2.571202814579010010e-03
9.952041506767272949e-01
-9.778398275375366211e-02
2.622634172439575195e-03
9.160929918289184570e-02
9.410915374755859375e-01
3.255063891410827637e-01
-3.429742902517318726e-02
-3.237050175666809082e-01
9.455361962318420410e-01
-9.744530543684959412e-03
4.290838725864887238e-03
-6.981745362281799316e-03
9.432396292686462402e-01
-1.029800847172737122e-01
3.157437145709991455e-01
1.521148234605789185e-01
9.790870547294616699e-01
-1.350914537906646729e-01
-2.952288687229156494e-01
1.754529178142547607e-01
9.391784667968750000e-01
-7.389296079054474831e-04
-1.211247593164443970e-02
8.642271161079406738e-03
9.905846118927001953e-01
-9.261321276426315308e-02
-1.008215844631195068e-01
1.138552576303482056e-01
9.662564396858215332e-01
2.310529947280883789e-01
7.602092623710632324e-02
-2.403566092252731323e-01
9.677031636238098145e-01
4.146543797105550766e-03
1.363414805382490158e-03
-1.076459698379039764e-02
9.933899641036987305e-01
-1.134703606367111206e-01
1.734768226742744446e-02
1.074715852737426758e-01
9.724781513214111328e-01
2.067269235849380493e-01
-4.032764583826065063e-02
-2.034960836172103882e-01
9.782447814941406250e-01
4.880413413047790527e-03
5.986702162772417068e-03
-1.063736435025930405e-02
9.777805805206298828e-01
8.977688848972320557e-02
1.894343197345733643e-01
-2.758286893367767334e-02
9.508962035179138184e-01
-3.082784414291381836e-01
-2.078086286783218384e-01
2.962034940719604492e-01
9.322441816329956055e-01
-2.723403973504900932e-03
-7.717171218246221542e-03
4.930905997753143311e-03
9.881357550621032715e-01
-1.534875184297561646e-01
-5.409568548202514648e-03
1.534876078367233276e-01
9.856703877449035645e-01
6.996804475784301758e-02
-5.407184362411499023e-03
-6.996823102235794067e-02
9.975345730781555176e-01
-2.412451431155204773e-05
1.097474014386534691e-03
-1.364994910545647144e-03
9.909420609474182129e-01
5.650595948100090027e-02
1.218228936195373535e-01
1.637028530240058899e-02
8.495696783065795898e-01
-5.272223949432373047e-01
-1.332882195711135864e-01
5.244411826133728027e-01
8.409493565559387207e-01
-2.499309368431568146e-03
3.807700239121913910e-03
1.318173250183463097e-03
9.759129881858825684e-01
1.092876344919204712e-01
1.888122409582138062e-01
-8.961946517229080200e-02
9.899096488952636719e-01
-1.097603738307952881e-01
-1.989024877548217773e-01
9.019532799720764160e-02
9.758599996566772461e-01
-1.828583888709545135e-03
-1.655629277229309082e-02
1.058341376483440399e-02
9.849160313606262207e-01
-1.275418698787689209e-01
-1.169333904981613159e-01
1.558024138212203979e-01
9.476665258407592773e-01
2.786642313003540039e-01
7.527251541614532471e-02
-2.926793694496154785e-01
9.532433152198791504e-01
-4.795753862708806992e-03
1.077112928032875061e-02
-6.130777765065431595e-03
9.954274892807006836e-01
-5.998536199331283569e-02
-7.433663308620452881e-02
4.568134248256683350e-02
9.824140071868896484e-01
-1.810416728258132935e-01
8.388917893171310425e-02
1.768180578947067261e-01
9.806619882583618164e-01
5.619693547487258911e-05
5.120351444929838181e-03
-2.864683745428919792e-03
9.762900471687316895e-01
-2.704076282680034637e-02
-2.147711217403411865e-01
9.133583307266235352e-02
9.509809613227844238e-01
2.954541146755218506e-01
1.962539255619049072e-01
-3.080651760101318359e-01
9.309029579162597656e-01
-6.978392601013183594e-03
9.541812352836132050e-03
5.489863455295562744e-03
9.799062609672546387e-01
1.859201639890670776e-01
7.223229855298995972e-02
-1.290727853775024414e-01
8.671642541885375977e-01
-4.810055792331695557e-01
-1.520659178495407104e-01
4.620171487331390381e-01
8.737368583679199219e-01
-3.727007657289505005e-03
1.247901841998100281e-02
-4.317538114264607430e-04
9.909072518348693848e-01
-7.911722362041473389e-02
-1.088272184133529663e-01
8.933081477880477905e-02
9.917050600051879883e-01
9.241815656423568726e-02
1.006126329302787781e-01
-1.012994721531867981e-01
9.897553324699401855e-01
2.038262784481048584e-03
-7.215412333607673645e-03
-9.507336653769016266e-03
9.770092368125915527e-01
-1.680351793766021729e-01
-1.312141269445419312e-01
1.804570257663726807e-01
9.795231819152832031e-01
8.927245438098907471e-02
1.135263592004776001e-01
-1.108985245227813721e-01
9.873263835906982422e-01
-3.436724189668893814e-03
1.152653060853481293e-02
-9.332709014415740967e-03
9.987995028495788574e-01
-3.725183010101318359e-02
-3.180920332670211792e-02
4.050783440470695496e-02
9.932441115379333496e-01
1.087434589862823486e-01
2.754339948296546936e-02
-1.099014431238174438e-01
9.935607910156250000e-01
4.255514941178262234e-04
1.477832556702196598e-03
-5.296174436807632446e-03
9.868006110191345215e-01
-1.452639400959014893e-01
7.157427817583084106e-02
1.224698722362518311e-01
9.586078524589538574e-01
2.570449709892272949e-01
-1.059510409832000732e-01
-2.448864579200744629e-01
9.637452960014343262e-01
-7.642715238034725189e-03
4.188677761703729630e-03
-5.413776729255914688e-03
9.996638298034667969e-01
-7.031788118183612823e-03
-2.495551109313964844e-02
5.672334227710962296e-03
9.985175728797912598e-01
-5.413402616977691650e-02
2.529916167259216309e-02
5.397429317235946655e-02
9.982218146324157715e-01
-2.263542264699935913e-03
8.552435785531997681e-03
-1.716347993351519108e-03
9.967120289802551270e-01
-5.179908871650695801e-02
-6.230548769235610962e-02
6.656223535537719727e-02
9.619230628013610840e-01
2.650911808013916016e-01
4.620158299803733826e-02
-2.683667540550231934e-01
9.622082114219665527e-01
-2.049977891147136688e-03
-3.259664401412010193e-03
-9.323894977569580078e-03
9.838238358497619629e-01
-6.462679803371429443e-02
-1.670749634504318237e-01
8.774551004171371460e-02
9.869636297225952148e-01
1.349205672740936279e-01
1.561774015426635742e-01
-1.473981440067291260e-01
9.766690731048583984e-01
-4.078599624335765839e-03
1.073412247933447361e-03
-3.031935542821884155e-03
9.901532530784606934e-01
3.842534124851226807e-02
1.346104443073272705e-01
-5.859413370490074158e-02
9.870638847351074219e-01
1.492373943328857422e-01
-1.271345764398574829e-01
-1.556552350521087646e-01
9.795959591865539551e-01
-3.434351645410060883e-03
5.692310165613889694e-03
-9.414572268724441528e-03
