9.969553351402282715e-01
-7.430134713649749756e-02
2.365145087242126465e-02
7.160741835832595825e-02
9.924633502960205078e-01
9.944353997707366943e-02
-3.086197376251220703e-02
-9.744713455438613892e-02
9.947620630264282227e-01
1.820906996726989746e-03
4.345046821981668472e-03
-7.143802009522914886e-03
9.691061973571777344e-01
-2.255345582962036133e-01
-9.983679652214050293e-02
2.394989877939224243e-01
9.572160840034484863e-01
1.624117940664291382e-01
5.893592536449432373e-02
-1.813051402568817139e-01
9.816592335700988770e-01
-7.858485914766788483e-04
8.236939087510108948e-03
-4.643543623387813568e-03
9.951610565185546875e-01
9.060603380203247070e-02
3.801285475492477417e-02
-6.048197299242019653e-02
8.697649836540222168e-01
-4.897456765174865723e-01
-7.743617147207260132e-02
4.850766956806182861e-01
8.710362911224365234e-01
5.268828943371772766e-03
6.112117785960435867e-03
4.972341470420360565e-03
9.965143799781799316e-01
2.380309440195560455e-02
7.995312660932540894e-02
-7.188295014202594757e-03
9.793640375137329102e-01
-2.019761651754379272e-01
-8.311088383197784424e-02
2.006974220275878906e-01
9.761214852333068848e-01
-3.189740935340523720e-03
6.964099593460559845e-03
5.763109074905514717e-04
9.953697919845581055e-01
-9.611055254936218262e-02
1.271358691155910492e-03
9.605292230844497681e-02
9.941090345382690430e-01
-5.021098628640174866e-02
3.561958670616149902e-03
5.010060966014862061e-02
9.987378120422363281e-01
1.238636788912117481e-03
2.817082917317748070e-03
-2.703854348510503769e-03
9.982294440269470215e-01
-5.015012249350547791e-02
3.198465704917907715e-02
3.599154949188232422e-02
9.373728632926940918e-01
3.464632630348205566e-01
-4.735667258501052856e-02
-3.446986079216003418e-01
9.375181794166564941e-01
-9.966508485376834869e-03
3.760959953069686890e-04
2.209823112934827805e-03
9.417947530746459961e-01
-2.615940570831298828e-01
2.111664116382598877e-01
3.044258654117584229e-01
9.301015734672546387e-01
-2.055140882730484009e-01
-1.426449716091156006e-01
2.578366100788116455e-01
9.556007385253906250e-01
4.606515634804964066e-03
-6.828188896179199219e-03
6.081917788833379745e-03
9.915940165519714355e-01
1.612077653408050537e-02
-1.283798515796661377e-01
1.161203905940055847e-02
9.771165251731872559e-01
2.123874872922897339e-01
1.288659274578094482e-01
-2.120929509401321411e-01
9.687157273292541504e-01
-2.998736454173922539e-03
3.094854298979043961e-03
-8.351482450962066650e-03
9.960594177246093750e-01
-5.423387512564659119e-02
7.017207145690917969e-02
4.178778082132339478e-02
9.848945736885070801e-01
1.680371016263961792e-01
-7.822540402412414551e-02
-1.644426286220550537e-01
9.832799434661865234e-01
8.266955614089965820e-03
6.066789384931325912e-03
-1.365031301975250244e-02
9.887146949768066406e-01
5.696228146553039551e-02
1.385591030120849609e-01
-1.796222850680351257e-02
9.632952809333801270e-01
-2.678422629833221436e-01
-1.487302482128143311e-01
2.623307704925537109e-01
9.534474015235900879e-01
1.652194187045097351e-04
-7.416984997689723969e-03
6.150772795081138611e-03
9.987146854400634766e-01
3.097489848732948303e-02
4.011821746826171875e-02
-3.385451436042785645e-02
9.967418313026428223e-01
7.320934534072875977e-02
-3.771984577178955078e-02
-7.447341084480285645e-02
9.965093135833740234e-01
3.936352208256721497e-03
3.407078562304377556e-03
-7.100314367562532425e-03
9.878575205802917480e-01
-4.897259920835494995e-02
1.474419385194778442e-01
1.105400174856185913e-01
8.884168863296508789e-01
-4.455292820930480957e-01
-1.091711819171905518e-01
4.564176499843597412e-01
8.830428123474121094e-01
2.392409369349479675e-04
3.988317912444472313e-04
1.931998296640813351e-03
9.963195919990539551e-01
-4.469089210033416748e-02
7.314287126064300537e-02
5.661627650260925293e-02
9.838005304336547852e-01
-1.700918674468994141e-01
-6.435643136501312256e-02
1.736069619655609131e-01
9.827098846435546875e-01
4.522513598203659058e-03
-1.310751494020223618e-02
9.054400026798248291e-03
9.975549578666687012e-01
-6.795872002840042114e-02
-1.630162447690963745e-02
6.862409412860870361e-02
9.966502189636230469e-01
4.448787868022918701e-02
1.322368532419204712e-02
-4.549776017665863037e-02
9.988769292831420898e-01
9.097902802750468254e-04
5.777311976999044418e-03
-4.482927266508340836e-03
9.947226643562316895e-01
-7.101853191852569580e-02
-7.404824346303939819e-02
5.627141520380973816e-02
9.811158776283264160e-01
-1.850546002388000488e-01
8.579219877719879150e-02
1.799112111330032349e-01
9.799345135688781738e-01
8.342762012034654617e-04
3.731291275471448898e-03
2.160434843972325325e-03
9.680470228195190430e-01
-3.519267588853836060e-02
-2.482869774103164673e-01
8.996084332466125488e-02
9.729362726211547852e-01
2.128428518772125244e-01
2.340769022703170776e-01
-2.283779531717300415e-01
9.450140595436096191e-01
-3.257600590586662292e-03
4.767349921166896820e-03
2.169544110074639320e-03
9.804197549819946289e-01
1.306203156709671021e-01
1.473617851734161377e-01
-7.559845596551895142e-02
9.406590461730957031e-01
-3.308253586292266846e-01
-1.818297058343887329e-01
3.132073879241943359e-01
9.321153759956359863e-01
-4.101195372641086578e-03
5.119845736771821976e-03
2.945542801171541214e-03
9.981834292411804199e-01
-9.499141015112400055e-03
-5.949485674500465393e-02
1.578555256128311157e-02
9.942298531532287598e-01
1.061024442315101624e-01
5.814367532730102539e-02
-1.068488657474517822e-01
9.925737380981445312e-01
6.348721217364072800e-03
-5.088372156023979187e-03
-1.251177396625280380e-02
9.969185590744018555e-01
-7.365462183952331543e-02
-2.698691561818122864e-02
7.629678398370742798e-02
9.903782606124877930e-01
1.154542118310928345e-01
1.822351664304733276e-02
-1.171574443578720093e-01
9.929461479187011719e-01
-2.019948558881878853e-03
8.948313072323799133e-03
-1.145958900451660156e-02
9.988216757774353027e-01
-4.574917629361152649e-02
-1.619147136807441711e-02
4.716189205646514893e-02
9.937067031860351562e-01
1.016002297401428223e-01
1.144141983240842819e-02
-1.022441387176513672e-01
9.946935772895812988e-01
9.322472033090889454e-04
8.977957069873809814e-03
-4.988528322428464890e-03
9.908460974693298340e-01
-1.195678189396858215e-01
-6.267007440328598022e-02
1.271599382162094116e-01
9.825271964073181152e-01
1.359070390462875366e-01
4.532494395971298218e-02
-1.426320970058441162e-01
9.887374639511108398e-01
-3.058163449168205261e-03
5.926663987338542938e-03
-4.810609389096498489e-03
9.904718995094299316e-01
1.179622560739517212e-01
-7.106579840183258057e-02
-1.227347031235694885e-01
9.901747703552246094e-01
-6.700827926397323608e-02
6.246313452720642090e-02
7.509206235408782959e-02
9.952183961868286133e-01
-9.837968536885455251e-05
7.123816292732954025e-03
1.565081300213932991e-03
9.983220100402832031e-01
-5.789226293563842773e-02
1.259554177522659302e-03
5.678092688322067261e-02
9.829614162445068359e-01
1.748224347829818726e-01
-1.135893911123275757e-02
-1.744575649499893188e-01
9.845991134643554688e-01
3.322968026623129845e-03
1.083321403712034225e-03
-1.404236070811748505e-02
9.963569045066833496e-01
-8.246129751205444336e-02
-2.174966037273406982e-02
8.404597640037536621e-02
9.927058219909667969e-01
8.643819391727447510e-02
1.446323096752166748e-02
-8.795122802257537842e-02
9.960198402404785156e-01
2.481657080352306366e-03
2.975796116515994072e-03
-4.620660096406936646e-03
9.821751117706298828e-01
1.764430254697799683e-01
6.480833888053894043e-02
-1.866767108440399170e-01
9.559697508811950684e-01
2.264369130134582520e-01
-2.200157940387725830e-02
-2.344988286495208740e-01
9.718673825263977051e-01
3.031427273526787758e-03
3.174590878188610077e-03
-1.284079160541296005e-03
