9.970277547836303711e-01
-6.672824174165725708e-02
3.850807249546051025e-02
6.479892134666442871e-02
9.966775178909301758e-01
4.934586584568023682e-02
-4.167291522026062012e-02
-4.670391976833343506e-02
9.980390667915344238e-01
-9.259498910978436470e-04
-4.073130898177623749e-03
-9.890623390674591064e-03
9.894495010375976562e-01
-9.362075477838516235e-02
-1.105662062764167786e-01
1.079113930463790894e-01
9.854562282562255859e-01
1.312672644853591919e-01
9.666882455348968506e-02
-1.418137103319168091e-01
9.851618409156799316e-01
-4.390883259475231171e-03
2.991166431456804276e-03
-2.482505515217781067e-03
9.979555606842041016e-01
-6.241850554943084717e-02
-1.373872160911560059e-02
4.712835699319839478e-02
8.638763427734375000e-01
-5.014944076538085938e-01
4.317106306552886963e-02
4.998216331005096436e-01
8.650518059730529785e-01
-2.607341390103101730e-03
8.164924569427967072e-03
2.357699675485491753e-03
9.910478591918945312e-01
-1.225028559565544128e-01
-5.307920277118682861e-02
1.149734258651733398e-01
9.852042794227600098e-01
-1.270972192287445068e-01
6.786359846591949463e-02
1.198567375540733337e-01
9.904690980911254883e-01
-3.004909260198473930e-03
5.160290747880935669e-03
2.287333132699131966e-03
9.934065341949462891e-01
-8.902128040790557861e-02
7.224099338054656982e-02
8.826152235269546509e-02
9.960038661956787109e-01
1.364830881357192993e-02
-7.316730171442031860e-02
-7.182218134403228760e-03
9.972938299179077148e-01
-7.054460002109408379e-04
2.574049402028322220e-03
4.100753460079431534e-03
9.833621978759765625e-01
-1.203898340463638306e-01
1.360337734222412109e-01
9.904291480779647827e-02
9.830839633941650391e-01
1.540662348270416260e-01
-1.522806584835052490e-01
-1.380296945571899414e-01
9.786512851715087891e-01
-1.241833623498678207e-02
8.031744509935379028e-04
-1.541613321751356125e-02
9.621618986129760742e-01
-1.344447135925292969e-01
2.370002269744873047e-01
1.857131719589233398e-01
9.600460529327392578e-01
-2.093375325202941895e-01
-1.993868201971054077e-01
2.454306483268737793e-01
9.486879706382751465e-01
-4.442209377884864807e-03
-1.166895590722560883e-02
8.476870134472846985e-04
9.777366518974304199e-01
-8.857912570238113403e-02
-1.902229338884353638e-01
1.471993178129196167e-01
9.355945587158203125e-01
3.209288120269775391e-01
1.495439410209655762e-01
-3.417845070362091064e-01
9.278038740158081055e-01
-4.279101267457008362e-03
9.972280822694301605e-03
1.303761382587254047e-04
9.936409592628479004e-01
-1.125368699431419373e-01
-3.628876060247421265e-03
1.125360578298568726e-01
9.936475753784179688e-01
-4.232302308082580566e-04
3.653455525636672974e-03
1.215841621160507202e-05
9.999933242797851562e-01
4.668440669775009155e-04
6.170896813273429871e-03
-1.793003175407648087e-03
9.739722609519958496e-01
1.993271708488464355e-01
1.079194247722625732e-01
-1.561887115240097046e-01
9.352213144302368164e-01
-3.177516460418701172e-01
-1.642650663852691650e-01
2.926255464553833008e-01
9.420123696327209473e-01
-9.178286418318748474e-03
-7.806392386555671692e-03
8.068278431892395020e-03
9.902638196945190430e-01
-1.342940628528594971e-01
-3.664052486419677734e-02
1.373423784971237183e-01
9.854659438133239746e-01
9.996993839740753174e-02
2.268263697624206543e-02
-1.040288954973220825e-01
9.943155646324157715e-01
-7.438982371240854263e-03
1.050146296620368958e-03
1.100608240813016891e-02
9.973275661468505859e-01
1.026703976094722748e-02
7.233393192291259766e-02
2.551156282424926758e-02
8.788111805915832520e-01
-4.764872789382934570e-01
-6.845995783805847168e-02
4.770593047142028809e-01
8.762007355690002441e-01
-5.084575619548559189e-03
1.647847937420010567e-03
-1.093504484742879868e-03
9.831734895706176758e-01
1.431283950805664062e-01
1.135088950395584106e-01
-1.338012963533401489e-01
9.872732758522033691e-01
-8.595778048038482666e-02
-1.243672817945480347e-01
6.932379305362701416e-02
9.898115992546081543e-01
-4.382859915494918823e-03
-1.565135270357131958e-02
1.079068705439567566e-02
9.970222115516662598e-01
-7.698454707860946655e-02
-4.472732543945312500e-03
7.613909244537353516e-02
9.735599160194396973e-01
2.153692543506622314e-01
-1.222565770149230957e-02
-2.150684595108032227e-01
9.765223860740661621e-01
-5.139789544045925140e-03
7.724917493760585785e-03
5.955804372206330299e-04
9.868863821029663086e-01
-1.445386260747909546e-01
-7.185958325862884521e-02
1.375076621770858765e-01
9.859629869461059570e-01
-9.470283985137939453e-02
8.453908562660217285e-02
8.357972651720046997e-02
9.929087162017822266e-01
-1.399107277393341064e-03
2.535930369049310684e-03
5.545952590182423592e-04
9.906448721885681152e-01
-1.257793903350830078e-01
-5.293664336204528809e-02
1.364357173442840576e-01
9.209359884262084961e-01
3.650510311126708984e-01
2.835392951965332031e-03
-3.688583374023437500e-01
9.294813871383666992e-01
-7.358379662036895752e-03
1.254292298108339310e-02
7.113015744835138321e-03
9.943581223487854004e-01
5.341216549277305603e-02
9.164635092020034790e-02
-3.161817090585827827e-03
8.785168528556823730e-01
-4.777008593082427979e-01
-1.060279011726379395e-01
4.747159481048583984e-01
8.737293481826782227e-01
-4.415622912347316742e-03
8.680749684572219849e-03
5.569796077907085419e-03
9.935446381568908691e-01
-7.004986703395843506e-02
-8.923103660345077515e-02
7.333207875490188599e-02
9.967262148857116699e-01
3.404794633388519287e-02
8.655385673046112061e-02
-4.037166759371757507e-02
9.954288601875305176e-01
-4.314578603953123093e-03
1.006203237920999527e-03
-3.425820730626583099e-03
9.865228533744812012e-01
-1.593662947416305542e-01
-3.708179295063018799e-02
1.632697284221649170e-01
9.736732244491577148e-01
1.590701639652252197e-01
1.075509190559387207e-02
-1.629806905984878540e-01
9.865705966949462891e-01
-9.495840407907962799e-03
4.362475592643022537e-03
-6.995366420596837997e-03
9.930553436279296875e-01
-1.025353148579597473e-01
-5.768363922834396362e-02
1.072661280632019043e-01
9.905060529708862305e-01
8.597518503665924072e-02
4.832049086689949036e-02
-9.156563878059387207e-02
9.946259856224060059e-01
-5.450991913676261902e-03
1.672936952672898769e-03
-3.184819652233272791e-04
9.821964502334594727e-01
-1.631458252668380737e-01
9.313154220581054688e-02
1.354741454124450684e-01
9.585939645767211914e-01
2.504883110523223877e-01
-1.301414519548416138e-01
-2.334118336439132690e-01
9.636296629905700684e-01
-9.910004213452339172e-03
6.323877256363630295e-03
-8.661971660330891609e-04
9.978350400924682617e-01
1.198443956673145294e-02
6.466534733772277832e-02
-3.578501753509044647e-03
9.916937351226806641e-01
-1.285720616579055786e-01
-6.566905975341796875e-02
1.280622929334640503e-01
9.895896315574645996e-01
-7.650468032807111740e-04
2.749934326857328415e-03
2.970000728964805603e-03
9.901241064071655273e-01
-1.081982403993606567e-01
-8.914847671985626221e-02
1.198313832283020020e-01
9.832139015197753906e-01
1.375898718833923340e-01
7.276505231857299805e-02
-1.469138264656066895e-01
9.864692687988281250e-01
-4.074065946042537689e-04
-9.144781157374382019e-03
-1.692115515470504761e-02
9.814121127128601074e-01
1.529813557863235474e-01
-1.158747225999832153e-01
-1.457928121089935303e-01
9.869608879089355469e-01
6.820992380380630493e-02
1.247986406087875366e-01
-5.004835501313209534e-02
9.909189939498901367e-01
-8.829778060317039490e-03
2.373325172811746597e-03
-5.530726630240678787e-04
9.867277145385742188e-01
-2.948188968002796173e-02
1.596852093935012817e-01
2.844629622995853424e-02
9.995568990707397461e-01
8.767694234848022461e-03
-1.598729491233825684e-01
-4.108861088752746582e-03
9.871290326118469238e-01
-3.977933898568153381e-03
6.937083788216114044e-03
-6.334860809147357941e-03
