9.934586882591247559e-01
-9.318721294403076172e-02
-6.599925458431243896e-02
1.021376773715019226e-01
9.836019277572631836e-01
1.486445963382720947e-01
5.106523633003234863e-02
-1.544132828712463379e-01
9.866858124732971191e-01
3.109185490757226944e-03
6.870166398584842682e-04
-9.776221588253974915e-03
9.555599689483642578e-01
-2.590735256671905518e-01
-1.406634747982025146e-01
2.850944995880126953e-01
9.335351586341857910e-01
2.173319309949874878e-01
7.500937581062316895e-02
-2.477760612964630127e-01
9.659092426300048828e-01
-7.683519273996353149e-03
9.333759546279907227e-03
-5.968626122921705246e-03
9.686573743820190430e-01
2.450178414583206177e-01
4.085568711161613464e-02
-1.604550480842590332e-01
7.427417635917663574e-01
-6.500685214996337891e-01
-1.896235793828964233e-01
6.231381297111511230e-01
7.587766647338867188e-01
1.241852529346942902e-03
8.362265303730964661e-03
4.765884019434452057e-03
9.968890547752380371e-01
1.587050035595893860e-02
7.720363885164260864e-02
7.342069875448942184e-03
9.565606713294982910e-01
-2.914409041404724121e-01
-7.847528159618377686e-02
2.911010980606079102e-01
9.534683227539062500e-01
-3.622285090386867523e-03
5.373124964535236359e-03
1.433510333299636841e-03
9.969819784164428711e-01
-7.390298694372177124e-02
-2.377824857831001282e-02
7.232713699340820312e-02
9.954875707626342773e-01
-6.142765656113624573e-02
2.821065112948417664e-02
5.952243506908416748e-02
9.978282451629638672e-01
-8.154457900673151016e-04
3.798700403422117233e-03
-8.811839506961405277e-04
9.948620200157165527e-01
-9.137976169586181641e-02
4.358245804905891418e-02
6.947711110115051270e-02
9.293476939201354980e-01
3.626095652580261230e-01
-7.363842427730560303e-02
-3.577184081077575684e-01
9.309215545654296875e-01
-1.284195855259895325e-02
8.034152910113334656e-03
3.979206085205078125e-04
8.799297213554382324e-01
-8.742697536945343018e-02
4.669907689094543457e-01
2.010095268487930298e-01
9.591233134269714355e-01
-1.991924345493316650e-01
-4.304868578910827637e-01
2.691449224948883057e-01
8.615347146987915039e-01
-3.841662313789129257e-03
-1.683700457215309143e-02
9.070361964404582977e-03
9.357157945632934570e-01
2.763344906270503998e-02
-3.516708314418792725e-01
7.942966371774673462e-02
9.548205137252807617e-01
2.863716185092926025e-01
3.436959981918334961e-01
-2.958955764770507812e-01
8.912457823753356934e-01
-4.026099108159542084e-03
3.871611086651682854e-03
-5.859888624399900436e-03
9.942116141319274902e-01
-1.067330390214920044e-01
-1.229825988411903381e-02
1.074319630861282349e-01
9.889402985572814941e-01
1.022518724203109741e-01
1.248572021722793579e-03
-1.029812395572662354e-01
9.946825504302978516e-01
4.044217057526111603e-03
3.986605443060398102e-03
-9.651240892708301544e-03
9.176834225654602051e-01
1.472852677106857300e-01
3.690042793750762939e-01
-4.937859252095222473e-03
9.329072833061218262e-01
-3.600827157497406006e-01
-3.972817063331604004e-01
3.286198675632476807e-01
8.568408489227294922e-01
-7.641619071364402771e-03
-9.491703473031520844e-03
3.066071309149265289e-03
9.812739491462707520e-01
-1.238609552383422852e-01
-1.475120931863784790e-01
1.447250396013259888e-01
9.794743061065673828e-01
1.403021961450576782e-01
1.271063536405563354e-01
-1.590235829353332520e-01
9.790585041046142578e-01
-5.601824261248111725e-03
4.891431890428066254e-04
1.595356443431228399e-04
9.671102166175842285e-01
3.788042813539505005e-02
2.515211105346679688e-01
1.163585707545280457e-01
8.134265542030334473e-01
-5.699104666709899902e-01
-2.261824011802673340e-01
5.804329514503479004e-01
7.822654247283935547e-01
-4.037726670503616333e-03
5.860798992216587067e-04
2.408608328551054001e-03
9.445019960403442383e-01
1.461847424507141113e-01
2.941868901252746582e-01
-7.089328765869140625e-02
9.651325941085815430e-01
-2.519786953926086426e-01
-3.207647800445556641e-01
2.171384990215301514e-01
9.219331741333007812e-01
-2.745956415310502052e-03
-1.694057881832122803e-02
5.797871388494968414e-03
9.878363609313964844e-01
3.144402056932449341e-03
-1.554651260375976562e-01
2.866999618709087372e-02
9.789716601371765137e-01
2.019716501235961914e-01
1.528310179710388184e-01
-2.039721012115478516e-01
9.669737219810485840e-01
-5.630342755466699600e-03
8.424557745456695557e-03
-3.658758010715246201e-03
9.762974381446838379e-01
-1.329614818096160889e-01
-1.707760393619537354e-01
9.511067718267440796e-02
9.723442792892456055e-01
-2.133086323738098145e-01
1.944149434566497803e-01
1.920100599527359009e-01
9.619433283805847168e-01
-5.610589869320392609e-04
5.225869826972484589e-03
-4.053724696859717369e-04
9.615045189857482910e-01
-1.298452466726303101e-01
-2.421762645244598389e-01
1.869346350431442261e-01
9.550375938415527344e-01
2.301276624202728271e-01
2.014064490795135498e-01
-2.665398716926574707e-01
9.425455331802368164e-01
-7.314460352063179016e-03
8.480576798319816589e-03
3.696991829201579094e-03
9.654980301856994629e-01
2.361638545989990234e-01
1.097280532121658325e-01
-1.507056653499603271e-01
8.503648042678833008e-01
-5.041503906250000000e-01
-2.123709321022033691e-01
4.702195227146148682e-01
8.566167354583740234e-01
-8.522890508174896240e-03
6.743466947227716446e-03
6.461875513195991516e-03
9.821323156356811523e-01
-1.358542293310165405e-01
-1.302295029163360596e-01
1.452566385269165039e-01
9.872164726257324219e-01
6.560513377189636230e-02
1.196519732475280762e-01
-8.334961533546447754e-02
9.893109202384948730e-01
-2.275928272865712643e-04
5.043731071054935455e-04
-8.128654211759567261e-03
9.806401729583740234e-01
-1.292945742607116699e-01
-1.470635831356048584e-01
1.387908309698104858e-01
9.887249469757080078e-01
5.621451511979103088e-02
1.381372064352035522e-01
-7.553729414939880371e-02
9.875283241271972656e-01
-5.405458156019449234e-03
6.166377570480108261e-03
-6.932627875357866287e-03
9.934029579162597656e-01
1.474922429770231247e-02
-1.137232854962348938e-01
6.540019530802965164e-03
9.827936291694641113e-01
1.845912635326385498e-01
1.144890859723091125e-01
-1.841172575950622559e-01
9.762136936187744141e-01
2.711716806516051292e-04
5.239347927272319794e-03
-4.626426845788955688e-03
9.901349544525146484e-01
-1.392681598663330078e-01
-1.539667695760726929e-02
1.399264931678771973e-01
9.770804643630981445e-01
1.604190617799758911e-01
-7.297471165657043457e-03
-1.609908938407897949e-01
9.869288802146911621e-01
-5.957308225333690643e-03
5.022432655096054077e-03
-3.771198214963078499e-03
9.993805885314941406e-01
-9.978823363780975342e-03
-3.374573588371276855e-02
4.671552684158086777e-03
9.880855083465576172e-01
-1.538350731134414673e-01
3.487876057624816895e-02
1.535821855068206787e-01
9.875201582908630371e-01
-2.447914099320769310e-03
6.311453413218259811e-03
2.340649254620075226e-03
9.927397966384887695e-01
-7.082527875900268555e-02
-9.721794724464416504e-02
9.365150332450866699e-02
9.623306393623352051e-01
2.552429735660552979e-01
7.547815144062042236e-02
-2.624944746494293213e-01
9.619768857955932617e-01
2.235378371551632881e-03
-1.918375492095947266e-03
-1.549100503325462341e-02
9.811255335807800293e-01
-7.498286664485931396e-02
-1.782424896955490112e-01
9.009309858083724976e-02
9.928554296493530273e-01
7.823894917964935303e-02
1.711024343967437744e-01
-9.282062202692031860e-02
9.808712005615234375e-01
-4.733460955321788788e-03
8.707790402695536613e-04
-3.865204751491546631e-03
9.961608052253723145e-01
8.753773570060729980e-02
-9.195806924253702164e-04
-8.573637157678604126e-02
9.776768088340759277e-01
1.918266415596008301e-01
1.769113168120384216e-02
-1.910113394260406494e-01
9.814284443855285645e-01
-2.547060837969183922e-03
4.475307185202836990e-03
-4.747980739921331406e-03
