9.965534210205078125e-01
-4.679551348090171814e-02
-6.849329918622970581e-02
5.457241088151931763e-02
9.916936755180358887e-01
1.164711564779281616e-01
6.247401982545852661e-02
-1.198075860738754272e-01
9.908295273780822754e-01
-3.317627124488353729e-05
-4.483310971409082413e-03
-1.075717154890298843e-02
9.817548990249633789e-01
-1.294005811214447021e-01
-1.393300294876098633e-01
1.462086588144302368e-01
9.821869134902954102e-01
1.180328875780105591e-01
1.215745955705642700e-01
-1.362506300210952759e-01
9.831863045692443848e-01
-4.951486364006996155e-03
4.035337828099727631e-03
-4.246161319315433502e-03
9.888902902603149414e-01
1.484991014003753662e-01
-6.627209484577178955e-03
-1.154929101467132568e-01
7.394982576370239258e-01
-6.631769537925720215e-01
-9.358038008213043213e-02
6.565747261047363281e-01
7.484333515167236328e-01
3.684176364913582802e-03
1.233095675706863403e-02
4.596234764903783798e-03
9.964038729667663574e-01
4.984262585639953613e-02
6.852058321237564087e-02
-3.646229952573776245e-02
9.822041392326354980e-01
-1.842428445816040039e-01
-7.648436725139617920e-02
1.810818910598754883e-01
9.804893732070922852e-01
-3.342270385473966599e-03
3.486749716103076935e-03
1.112826052121818066e-03
9.968696236610412598e-01
-6.986175477504730225e-02
3.701634332537651062e-02
7.056919485330581665e-02
9.973415136337280273e-01
-1.816112920641899109e-02
-3.564915060997009277e-02
2.071650698781013489e-02
9.991496205329895020e-01
1.836889423429965973e-04
4.508588463068008423e-04
-6.732395268045365810e-04
9.855842590332031250e-01
-1.577354967594146729e-01
6.118210405111312866e-02
1.319564431905746460e-01
9.430046677589416504e-01
3.054991364479064941e-01
-1.058830469846725464e-01
-2.930217385292053223e-01
9.502247571945190430e-01
-9.457503445446491241e-03
8.400116115808486938e-03
-7.758706808090209961e-03
9.480670690536499023e-01
-2.224063575267791748e-01
2.273857593536376953e-01
2.556301057338714600e-01
9.581788182258605957e-01
-1.286335140466690063e-01
-1.892673224210739136e-01
1.800798773765563965e-01
9.652715325355529785e-01
2.743623219430446625e-03
-1.396512426435947418e-02
6.675564683973789215e-03
9.051890373229980469e-01
7.842662185430526733e-02
-4.177102744579315186e-01
5.668158084154129028e-02
9.517707824707031250e-01
3.015287816524505615e-01
4.212123155593872070e-01
-2.966170608997344971e-01
8.570872545242309570e-01
-4.864039830863475800e-03
1.207301113754510880e-02
-4.067918285727500916e-03
9.970363378524780273e-01
-1.656861603260040283e-02
-7.512627542018890381e-02
1.906420290470123291e-02
9.992858767509460449e-01
3.262416273355484009e-02
7.453209161758422852e-02
-3.395970538258552551e-02
9.966402053833007812e-01
2.957068849354982376e-03
2.553313504904508591e-03
-1.709576230496168137e-03
9.766188263893127441e-01
6.036555022001266479e-02
2.063290029764175415e-01
6.422954611480236053e-03
9.511449933052062988e-01
-3.086778223514556885e-01
-2.148822844028472900e-01
3.027857542037963867e-01
9.285184144973754883e-01
-4.238815978169441223e-03
-7.294643204659223557e-03
8.653848432004451752e-03
9.854041934013366699e-01
-1.434154212474822998e-01
-9.170939028263092041e-02
1.505370140075683594e-01
9.856708049774169922e-01
7.610335946083068848e-02
7.948088645935058594e-02
-8.879823982715606689e-02
9.928734302520751953e-01
-6.983078084886074066e-03
3.569398773834109306e-03
8.135372772812843323e-03
9.946827888488769531e-01
2.813302911818027496e-02
9.906904399394989014e-02
2.596066892147064209e-02
8.624047040939331055e-01
-5.055533051490783691e-01
-9.966035932302474976e-02
5.054371953010559082e-01
8.570888042449951172e-01
6.907922215759754181e-04
3.603281453251838684e-03
3.312192624434828758e-03
9.873775839805603027e-01
1.289126276969909668e-01
9.201721847057342529e-02
-1.131945401430130005e-01
9.807150363922119141e-01
-1.593269407749176025e-01
-1.107818484306335449e-01
1.469000130891799927e-01
9.829281568527221680e-01
1.056881621479988098e-03
-1.232736930251121521e-02
1.188034377992153168e-02
9.970532059669494629e-01
-2.289343811571598053e-02
-7.321780920028686523e-02
3.919834643602371216e-02
9.724667072296142578e-01
2.297215163707733154e-01
6.594271212816238403e-02
-2.319146245718002319e-01
9.704983830451965332e-01
-3.655162407085299492e-03
9.788112714886665344e-03
-1.991188153624534607e-03
9.979046583175659180e-01
-3.567320108413696289e-02
-5.397841334342956543e-02
2.258464880287647247e-02
9.738488793373107910e-01
-2.260714322328567505e-01
6.063151732087135315e-02
2.243786454200744629e-01
9.726140499114990234e-01
-1.380303408950567245e-03
4.324172623455524445e-03
-4.953397903591394424e-03
9.667373299598693848e-01
-1.624309718608856201e-01
-1.975734233856201172e-01
1.978745460510253906e-01
9.644189476966857910e-01
1.753333508968353271e-01
1.620639562606811523e-01
-2.085960358381271362e-01
9.644806981086730957e-01
-4.111027345061302185e-03
6.188287399709224701e-03
-3.197138430550694466e-04
9.874227046966552734e-01
1.472447812557220459e-01
5.757966637611389160e-02
-9.256917238235473633e-02
8.336724042892456055e-01
-5.444459915161132812e-01
-1.281694173812866211e-01
5.322681069374084473e-01
8.368173241615295410e-01
-4.944134503602981567e-03
1.361083704978227615e-02
5.433727521449327469e-03
9.913071393966674805e-01
-1.782638207077980042e-02
-1.303547918796539307e-01
1.793969050049781799e-02
9.998389482498168945e-01
-3.050416707992553711e-04
1.303392201662063599e-01
-2.036124467849731445e-03
9.914673566818237305e-01
-5.583607126027345657e-03
1.135649159550666809e-03
-5.951649043709039688e-03
9.933091998100280762e-01
-1.101258769631385803e-01
-3.477281704545021057e-02
1.131617203354835510e-01
9.882501363754272461e-01
1.027427688241004944e-01
2.304959297180175781e-02
-1.059902906417846680e-01
9.940999150276184082e-01
-8.952135220170021057e-03
1.898119575344026089e-03
-1.037140190601348877e-02
9.978038072586059570e-01
1.096972031518816948e-03
-6.622925400733947754e-02
1.102318521589040756e-02
9.831702113151550293e-01
1.823587566614151001e-01
6.531465798616409302e-02
-1.826883405447006226e-01
9.809989929199218750e-01
1.062087831087410450e-04
7.044118363410234451e-03
-3.400133457034826279e-03
9.911845922470092773e-01
-1.324709951877593994e-01
2.135589718818664551e-03
1.304033994674682617e-01
9.783089756965637207e-01
1.609547734260559082e-01
-2.341112494468688965e-02
-1.592573821544647217e-01
9.869594573974609375e-01
-3.315838519483804703e-03
4.364877007901668549e-03
-1.120137237012386322e-02
9.984540343284606934e-01
-5.439483746886253357e-02
-1.143617928028106689e-02
5.090549960732460022e-02
9.774708747863769531e-01
-2.048395425081253052e-01
2.232073247432708740e-02
2.039407044649124146e-01
9.787287712097167969e-01
3.271392779424786568e-05
7.373925298452377319e-03
-1.373636769130825996e-03
9.887329936027526855e-01
-8.902727812528610229e-02
-1.203375309705734253e-01
1.055481880903244019e-01
9.846891164779663086e-01
1.387329399585723877e-01
1.061440408229827881e-01
-1.498712599277496338e-01
9.829913377761840820e-01
2.665821695700287819e-03
-5.399335641413927078e-03
-7.755387108772993088e-03
9.873705506324768066e-01
3.184048458933830261e-02
-1.551957577466964722e-01
-2.721560746431350708e-02
9.991226196289062500e-01
3.183506429195404053e-02
1.560732126235961914e-01
-2.720924653112888336e-02
9.873706698417663574e-01
-7.980753667652606964e-03
7.736217230558395386e-04
1.401312183588743210e-04
9.977782964706420898e-01
5.700009316205978394e-02
3.448975458741188049e-02
-6.114498525857925415e-02
9.890470504760742188e-01
1.343402713537216187e-01
-2.645456604659557343e-02
-1.361506432294845581e-01
9.903348684310913086e-01
-7.780240266583859921e-04
8.231385610997676849e-03
-9.559336118400096893e-03
