9.878337979316711426e-01
-1.385570913553237915e-01
-7.061430066823959351e-02
1.453029215335845947e-01
9.841589331626892090e-01
1.015786826610565186e-01
5.542124807834625244e-02
-1.106033250689506531e-01
9.923182129859924316e-01
2.970655448734760284e-03
-6.132555194199085236e-03
-5.915809888392686844e-03
9.981299638748168945e-01
-3.344618529081344604e-02
-5.116558074951171875e-02
4.340276122093200684e-02
9.771811962127685547e-01
2.079258561134338379e-01
4.304370284080505371e-02
-2.097578048706054688e-01
9.768054485321044922e-01
-1.177606754936277866e-03
9.836531244218349457e-03
-1.317986287176609039e-02
9.989251494407653809e-01
4.633570462465286255e-02
-1.223959028720855713e-03
-3.159163892269134521e-02
6.612692475318908691e-01
-7.494832277297973633e-01
-3.391848504543304443e-02
7.487163543701171875e-01
6.620222926139831543e-01
2.021335531026124954e-03
9.197074919939041138e-03
4.599748179316520691e-03
9.774450063705444336e-01
-1.609012186527252197e-01
1.367922276258468628e-01
1.945472359657287598e-01
9.380378723144531250e-01
-2.867688536643981934e-01
-8.217483758926391602e-02
3.069133162498474121e-01
9.481832981109619141e-01
-7.435586303472518921e-04
6.341836880892515182e-03
3.707749070599675179e-03
9.827077388763427734e-01
-1.709088385105133057e-01
-7.124470919370651245e-02
1.701554507017135620e-01
9.852781295776367188e-01
-1.655805855989456177e-02
7.302574813365936279e-02
4.149068146944046021e-03
9.973214268684387207e-01
-4.492418374866247177e-04
3.617414506152272224e-03
-8.920078398659825325e-04
9.899768233299255371e-01
-1.401006728410720825e-01
-1.782780140638351440e-02
1.406950950622558594e-01
9.673555493354797363e-01
2.107799351215362549e-01
-1.228454709053039551e-02
-2.111755311489105225e-01
9.773709774017333984e-01
-1.405777782201766968e-02
1.121833920478820801e-02
-1.133408863097429276e-02
9.390494823455810547e-01
-2.992853224277496338e-01
1.691582500934600830e-01
2.952957749366760254e-01
9.541550278663635254e-01
4.887308180332183838e-02
-1.760301589965820312e-01
4.057433456182479858e-03
9.843764305114746094e-01
-3.967429045587778091e-03
-1.679907739162445068e-02
4.359339363873004913e-04
9.346668124198913574e-01
4.709700495004653931e-02
-3.523914813995361328e-01
9.889221191406250000e-02
9.176290631294250488e-01
3.849380016326904297e-01
3.414940834045410156e-01
-3.946375846862792969e-01
8.530199527740478516e-01
-1.139665395021438599e-02
1.389621011912822723e-02
-5.304365418851375580e-03
9.965295195579528809e-01
-8.202368393540382385e-03
-8.283448964357376099e-02
1.763007044792175293e-02
9.933547973632812500e-01
1.137334406375885010e-01
8.135116845369338989e-02
-1.147991120815277100e-01
9.900521039962768555e-01
3.557668533176183701e-04
1.275887014344334602e-03
-1.100137736648321152e-02
9.794901013374328613e-01
6.296753883361816406e-03
2.013935595750808716e-01
3.876071423292160034e-02
9.749551415443420410e-01
-2.189979553222656250e-01
-1.977286487817764282e-01
2.223125100135803223e-01
9.547148942947387695e-01
-7.695259526371955872e-03
-7.007183507084846497e-03
7.198978215456008911e-03
9.959460496902465820e-01
-8.197108656167984009e-02
-3.704178333282470703e-02
8.804398030042648315e-02
9.726966023445129395e-01
2.147315591573715210e-01
1.842865347862243652e-02
-2.171223312616348267e-01
9.759703874588012695e-01
-8.829405531287193298e-03
1.451544696465134621e-03
5.353169515728950500e-03
9.944778084754943848e-01
-6.446895003318786621e-02
8.281047642230987549e-02
1.032878309488296509e-01
7.409978508949279785e-01
-6.635162830352783203e-01
-1.858617365360260010e-02
6.684055924415588379e-01
7.435647249221801758e-01
-2.701469231396913528e-03
6.234770640730857849e-03
3.822158556431531906e-03
9.866240024566650391e-01
4.834416881203651428e-02
1.556783169507980347e-01
-3.419039770960807800e-02
9.951398372650146484e-01
-9.234534949064254761e-02
-1.593860089778900146e-01
8.578744530677795410e-02
9.834818840026855469e-01
-3.438720246776938438e-03
-2.010253258049488068e-02
1.451218407601118088e-02
9.962483644485473633e-01
5.688869953155517578e-02
-6.521353125572204590e-02
-3.613453358411788940e-02
9.581868648529052734e-01
2.838525474071502686e-01
7.863473892211914062e-02
-2.804311513900756836e-01
9.566476941108703613e-01
-5.583373364061117172e-03
1.078369002789258957e-02
-6.752902641892433167e-03
9.837065935134887695e-01
-1.744908392429351807e-01
-4.329217597842216492e-02
1.547735631465911865e-01
9.444677829742431641e-01
-2.898720204830169678e-01
9.146807342767715454e-02
2.784485518932342529e-01
9.560857415199279785e-01
-1.277029979974031448e-03
2.693850314244627953e-03
-7.919778581708669662e-04
9.552319049835205078e-01
-2.020112872123718262e-01
-2.161565124988555908e-01
2.472110688686370850e-01
9.463667273521423340e-01
2.080305665731430054e-01
1.625388264656066895e-01
-2.521537244319915771e-01
9.539390802383422852e-01
-7.027691230177879333e-03
5.596941802650690079e-03
-9.018984623253345490e-03
9.973981976509094238e-01
-5.834155529737472534e-02
4.234461858868598938e-02
7.156585901975631714e-02
7.307143211364746094e-01
-6.789219379425048828e-01
8.667543530464172363e-03
6.801859140396118164e-01
7.329884171485900879e-01
-6.487958133220672607e-03
1.006532832980155945e-02
5.920697934925556183e-03
9.842220544815063477e-01
-8.055326342582702637e-02
-1.575381457805633545e-01
9.711344540119171143e-02
9.901958107948303223e-01
1.004054397344589233e-01
1.479056179523468018e-01
-1.141203343868255615e-01
9.823952913284301758e-01
-6.620685453526675701e-04
4.104491323232650757e-03
-8.936867117881774902e-03
9.979429244995117188e-01
-4.349092766642570496e-02
-4.710115119814872742e-02
5.433321371674537659e-02
9.637231826782226562e-01
2.613152265548706055e-01
3.402761369943618774e-02
-2.633368074893951416e-01
9.641036391258239746e-01
-5.624733865261077881e-03
4.692967515438795090e-03
-6.246911361813545227e-03
9.980952143669128418e-01
-4.070125892758369446e-02
-4.636085405945777893e-02
4.996931925415992737e-02
9.740803837776184082e-01
2.206137627363204956e-01
3.617993369698524475e-02
-2.225101739168167114e-01
9.742588400840759277e-01
-2.022366970777511597e-03
5.902360193431377411e-03
-3.440709551796317101e-03
9.828439950942993164e-01
-1.712257415056228638e-01
-6.855338811874389648e-02
1.777108460664749146e-01
9.786226749420166016e-01
1.035199910402297974e-01
4.936262965202331543e-02
-1.139266639947891235e-01
9.922620654106140137e-01
-4.830492660403251648e-03
7.633003871887922287e-03
-1.284677721560001373e-02
9.935181140899658203e-01
-1.129750907421112061e-01
-1.258474588394165039e-02
1.039614453911781311e-01
9.478217959403991699e-01
-3.013732731342315674e-01
4.597578942775726318e-02
2.981114983558654785e-01
9.534232020378112793e-01
4.606926231645047665e-04
5.028345622122287750e-03
1.254196511581540108e-03
9.740893840789794922e-01
-2.090977430343627930e-01
-8.618608117103576660e-02
2.212679386138916016e-01
9.599525928497314453e-01
1.718470156192779541e-01
4.680171608924865723e-02
-1.864645779132843018e-01
9.813462495803833008e-01
2.403996186330914497e-03
-9.152115322649478912e-03
-8.880381472408771515e-03
9.819076657295227051e-01
9.101740270853042603e-02
-1.660516262054443359e-01
-8.375246077775955200e-02
9.952185153961181641e-01
5.025565624237060547e-02
1.698317676782608032e-01
-3.543917462229728699e-02
9.848356246948242188e-01
-5.506327375769615173e-03
2.047878224402666092e-03
-6.420294754207134247e-03
9.945889115333557129e-01
3.896425245329737663e-03
-1.038160845637321472e-01
4.478113725781440735e-03
9.967597126960754395e-01
8.031199872493743896e-02
1.037926301360130310e-01
-8.034230768680572510e-02
9.913486838340759277e-01
-9.569564717821776867e-04
8.485047146677970886e-03
-1.419179048389196396e-02
